3 0.136409 0.148810 0.134590 0.074405
3 0.073413 0.178819 0.119048 0.076885
3 0.039021 0.205357 0.077381 0.118056
3 0.306382 0.149678 0.139220 0.077133
3 0.407903 0.145585 0.139220 0.056548
3 0.402447 0.160962 0.180556 0.032738
3 0.279762 0.173611 0.104497 0.081349
3 0.217923 0.223834 0.208333 0.119296
3 0.164021 0.274058 0.189815 0.144841
3 0.364418 0.222966 0.192460 0.088790
3 0.370205 0.312624 0.320437 0.248760
3 0.148479 0.359375 0.296296 0.202381
3 0.163856 0.445312 0.327050 0.235863
3 0.706019 0.489955 0.587963 0.189236
3 0.896329 0.458953 0.207341 0.192708
3 0.655093 0.389633 0.369048 0.253968
3 0.842097 0.331969 0.313823 0.258185
3 0.800430 0.251860 0.284722 0.175347
3 0.753638 0.238219 0.236772 0.189732
3 0.716270 0.203993 0.230159 0.132688
3 0.660218 0.178199 0.196098 0.115823
3 0.659392 0.179439 0.212963 0.141121
3 0.615906 0.179688 0.143188 0.147569
3 0.647817 0.157738 0.142196 0.123512
