1 0.4934999942779541 0.26566699147224426 0.04100000858306885 0.0559999942779541
2 0.12300000339746475 0.49833300709724426 0.21449999511241913 0.26533299684524536
3 0.21575000882148743 0.7226669788360596 0.20800001919269562 0.27733302116394043
3 0.2757500112056732 0.5134999752044678 0.09799998998641968 0.15633296966552734
3 0.29624998569488525 0.4408330023288727 0.07150000333786011 0.09566700458526611
3 0.3842499852180481 0.4563330113887787 0.0820000171661377 0.10600000619888306
3 0.3863750100135803 0.5143330097198486 0.09825003147125244 0.13666701316833496
3 0.398375004529953 0.42983299493789673 0.06875002384185791 0.08700001239776611
3 0.44225001335144043 0.40483298897743225 0.041499972343444824 0.08766698837280273
3 0.4898749887943268 0.41816699504852295 0.051750004291534424 0.07233297824859619
3 0.4909999966621399 0.3944999873638153 0.04900002479553223 0.07099997997283936
3 0.5536249876022339 0.3948329985141754 0.04474997520446777 0.06766700744628906
3 0.53125 0.40733298659324646 0.03949999809265137 0.07466697692871094
3 0.6017500162124634 0.4034999907016754 0.041499972343444824 0.05033302307128906
3 0.6277499794960022 0.422666996717453 0.03949999809265137 0.06199997663497925
3 0.5801249742507935 0.4208329916000366 0.042750000953674316 0.062332987785339355
3 0.5543749928474426 0.4403330087661743 0.05025005340576172 0.08333301544189453
3 0.6133750081062317 0.4511669874191284 0.05575001239776611 0.10033297538757324
3 0.5874999761581421 0.4666669964790344 0.05949997901916504 0.08733299374580383
3 0.5227500200271606 0.47049999237060547 0.08050000667572021 0.10899996757507324
3 0.5676249861717224 0.5243330001831055 0.09724998474121094 0.14600002765655518
3 0.5051249861717224 0.5425000190734863 0.08424997329711914 0.17033302783966064
3 0.4566250145435333 0.5879999995231628 0.09925001859664917 0.1986670196056366
3 0.3957499861717224 0.6449999809265137 0.13099998235702515 0.24866700172424316
3 0.6241250038146973 0.8323330283164978 0.22074997425079346 0.335332989692688
3 0.674875020980835 0.756833016872406 0.1757500171661377 0.3070000410079956
3 0.6840000152587891 0.6563330292701721 0.1354999542236328 0.22466695308685303
3 0.7059999704360962 0.609499990940094 0.11349999904632568 0.20099997520446777
3 0.7137500047683716 0.5566669702529907 0.10000002384185791 0.15733301639556885
3 0.718500018119812 0.5201669931411743 0.08150005340576172 0.11366701126098633
3 0.7232499718666077 0.4898329973220825 0.07599997520446777 0.07566702365875244
3 0.718500018119812 0.4486669898033142 0.07700002193450928 0.046000003814697266
3 0.7333750128746033 0.45500001311302185 0.06474995613098145 0.04866701364517212
3 0.7210000157356262 0.4458329975605011 0.0700000524520874 0.07566702365875244
3 0.734125018119812 0.4320000112056732 0.04875004291534424 0.03866702318191528
