0 0.1345899999141693 0.8226687908172607 0.26851898431777954 0.3546624779701233
0 0.06927900016307831 0.5461310148239136 0.13789698481559753 0.26091301441192627
0 0.24173299968242645 0.5283979773521423 0.23015901446342468 0.2576879560947418
0 0.4322090148925781 0.5111610293388367 0.2142859697341919 0.22966301441192627
0 0.6160709857940674 0.4815230071544647 0.2056879997253418 0.20262902975082397
0 0.7880290150642395 0.4523810148239136 0.18386197090148926 0.20486101508140564
0 0.9176587462425232 0.4496529996395111 0.1646825075149536 0.1755949854850769
0 0.8000990152359009 0.6377729773521423 0.2860450744628906 0.2824900150299072
0 0.822750985622406 0.8075397610664368 0.35449695587158203 0.38492047786712646
3 0.09011200070381165 0.8642110228538513 0.1795629858970642 0.27157700061798096
