3 0.45076900720596313 0.5719249844551086 0.07514899969100952 0.08631002902984619
1 0.4563489854335785 0.11805599927902222 0.07192498445510864 0.09193099290132523
0 0.1679069995880127 0.8439149856567383 0.3353170156478882 0.3121689558029175
0 0.035218000411987305 0.6547620296478271 0.0699400007724762 0.36375701427459717
0 0.054315000772476196 0.47023800015449524 0.10813499987125397 0.18320101499557495
0 0.24764400720596313 0.6549270153045654 0.21750998497009277 0.32308197021484375
0 0.22916699945926666 0.5119050145149231 0.18501999974250793 0.2460319995880127
0 0.2569440007209778 0.44229501485824585 0.14285701513290405 0.16302898526191711
0 0.36160698533058167 0.40029799938201904 0.09573400020599365 0.16832000017166138
0 0.4795389771461487 0.4153439998626709 0.09498998522758484 0.1534389853477478
0 0.5168650150299072 0.39120399951934814 0.07638898491859436 0.14748698472976685
0 0.5527030229568481 0.3789680004119873 0.0791170597076416 0.12301599979400635
0 0.5715529918670654 0.3573080003261566 0.06374001502990723 0.11011898517608643
0 0.4248510003089905 0.8030750155448914 0.25148797035217285 0.3938490152359009
0 0.492684006690979 0.6407080292701721 0.18675601482391357 0.2767859697341919
0 0.5336059927940369 0.5219910144805908 0.13516902923583984 0.19874298572540283
0 0.5994539856910706 0.4780089855194092 0.11954402923583984 0.19675898551940918
0 0.6283479928970337 0.4414680004119873 0.08606195449829102 0.1574070155620575
0 0.6789429783821106 0.40873000025749207 0.09300601482391357 0.14351898431777954
0 0.6519100069999695 0.64649498462677 0.20014894008636475 0.28306901454925537
0 0.6847720146179199 0.5304229855537415 0.13343298435211182 0.20370399951934814
0 0.7264379858970642 0.4942130148410797 0.10863101482391357 0.20271199941635132
0 0.7362350225448608 0.43601202964782715 0.09300601482391357 0.1464950144290924
0 0.9417160153388977 0.44576698541641235 0.09672605991363525 0.09854501485824585
0 0.9012899994850159 0.4601520001888275 0.10763895511627197 0.13062196969985962
0 0.9460567235946655 0.47751301527023315 0.10788649320602417 0.09391501545906067
0 0.9200149774551392 0.513392984867096 0.13219201564788818 0.1795630156993866
0 0.9393600225448608 0.5423280000686646 0.12127995491027832 0.1289680004119873
0 0.9405999779701233 0.6081349849700928 0.11880004405975342 0.17857098579406738
0 0.9402279853820801 0.6585649847984314 0.11954402923583984 0.21329402923583984
0 0.93291175365448 0.7916669845581055 0.13417649269104004 0.31415295600891113
0 0.8045629858970642 0.8134920001029968 0.2460319995880127 0.37301599979400635
0 0.6445930004119873 0.9315477609634399 0.21081304550170898 0.13690447807312012
0 0.9091020226478577 0.9487429857254028 0.16294598579406738 0.10251295566558838
