0 0.9386159777641296 0.4153439998626709 0.09796595573425293 0.1296299695968628
0 0.899802029132843 0.42410698533058167 0.10763895511627197 0.14186501502990723
0 0.9435759782791138 0.43253999948501587 0.1103670597076416 0.11507898569107056
0 0.9078620076179504 0.45816799998283386 0.13219201564788818 0.17493396997451782
0 0.9296877384185791 0.4914020001888275 0.1406245231628418 0.1574069857597351
0 0.9257190227508545 0.5233129858970642 0.14707303047180176 0.16501298546791077
0 0.9181550145149231 0.5729169845581055 0.1636899709701538 0.2357800006866455
0 0.9036459922790527 0.7070109844207764 0.19270801544189453 0.3657410144805908
0 0.8557789921760559 0.844245970249176 0.2884420156478882 0.31150805950164795
0 0.5288940072059631 0.8290339708328247 0.3633430004119873 0.34193098545074463
0 0.7217260003089905 0.7169309854507446 0.24107098579406738 0.4001319408416748
0 0.14595699310302734 0.776951014995575 0.29141902923583984 0.4460979700088501
0 0.38082799315452576 0.7078369855880737 0.23139899969100952 0.41699695587158203
0 0.03608600050210953 0.545304000377655 0.07167699933052063 0.285053014755249
0 0.06063999980688095 0.4551919996738434 0.12078399956226349 0.23445802927017212
0 0.23276300728321075 0.5628309845924377 0.2115580141544342 0.285053014755249
0 0.226065993309021 0.45320799946784973 0.1877480149269104 0.21792298555374146
0 0.2627730071544647 0.41104501485824585 0.140625 0.16732800006866455
0 0.3740079998970032 0.37929901480674744 0.09523797035217285 0.16600501537322998
0 0.45882898569107056 0.5540670156478882 0.15922603011131287 0.25760602951049805
0 0.6186760067939758 0.5481150150299072 0.18675601482391357 0.2443779706954956
0 0.5264139771461487 0.46660101413726807 0.11929598450660706 0.1845240294933319
0 0.6688989996910095 0.46742698550224304 0.1245039701461792 0.16236799955368042
0 0.5925099849700928 0.42691799998283386 0.11011898517608643 0.17195802927017212
0 0.6374009847640991 0.40310800075531006 0.08283698558807373 0.1375659704208374
0 0.7146580219268799 0.44179901480674744 0.1044149398803711 0.18253999948501587
0 0.7384669780731201 0.40211600065231323 0.08903801441192627 0.13822799921035767
0 0.6816719770431519 0.3703700006008148 0.09250998497009277 0.11838597059249878
0 0.4889630079269409 0.3824400007724762 0.08854198455810547 0.13591301441192627
0 0.5217009782791138 0.3619379997253418 0.07514902949333191 0.12599200010299683
0 0.5574160218238831 0.3523479998111725 0.07266902923583984 0.10350501537322998
0 0.5848209857940674 0.3447420001029968 0.06944394111633301 0.114749014377594
1 0.45870500802993774 0.10466299951076508 0.0622519850730896 0.0863099992275238
