0 0.8648309707641602 0.38210999965667725 0.0942460298538208 0.11408698558807373
0 0.8291170001029968 0.3885580003261566 0.09870994091033936 0.13029098510742188
0 0.8723959922790527 0.42195799946784973 0.11483097076416016 0.13492101430892944
0 0.8435019850730896 0.43964898586273193 0.1205359697341919 0.15839898586273193
0 0.8748760223388672 0.49917298555374146 0.14657700061798096 0.16038402915000916
0 0.8762400150299072 0.5661380290985107 0.1532740592956543 0.20767199993133545
0 0.8845490217208862 0.6253309845924377 0.18774795532226562 0.2506610155105591
0 0.8840529918670654 0.7766199707984924 0.22395801544189453 0.36474907398223877
0 0.7093250155448914 0.7954697608947754 0.24504005908966064 0.4090604782104492
0 0.8253970146179199 0.9350200295448303 0.2182539701461792 0.12995994091033936
0 0.5546879768371582 0.9325397610664368 0.19717299938201904 0.13492047786712646
0 0.1289680004119873 0.8430887460708618 0.2574399709701538 0.31382250785827637
0 0.34994998574256897 0.788856029510498 0.24355201423168182 0.4090609550476074
0 0.16542699933052063 0.628803014755249 0.2460319995880127 0.3356480300426483
0 0.14608100056648254 0.4558529853820801 0.20882898569107056 0.2443779706954956
0 0.17881900072097778 0.3802909851074219 0.16517901420593262 0.17592597007751465
0 0.289559006690979 0.33035698533058167 0.11433500051498413 0.18386201560497284
0 0.41282200813293457 0.6053239703178406 0.15798598527908325 0.28538402915000916
0 0.5807290077209473 0.5977180004119873 0.19369998574256897 0.28339898586273193
0 0.42026299238204956 0.3432539999485016 0.09846198558807373 0.1613759994506836
0 0.45808500051498413 0.3199400007724762 0.08531701564788818 0.1636900156736374
0 0.493552029132843 0.30257898569107056 0.08085301518440247 0.13558198511600494
0 0.5125250220298767 0.2759590148925781 0.07068502902984619 0.12533098459243774
0 0.460440993309021 0.47652098536491394 0.13417696952819824 0.2255290150642395
0 0.5391870141029358 0.41038399934768677 0.11904799938201904 0.19113802909851074
0 0.6202880144119263 0.4801589846611023 0.1289680004119873 0.2023809850215912
0 0.6615819931030273 0.4226189851760864 0.10243105888366699 0.19246003031730652
0 0.5694440007209778 0.3675599992275238 0.0892859697341919 0.1550930142402649
0 0.6779509782791138 0.3621029853820801 0.08606195449829102 0.14219599962234497
0 0.6179320216178894 0.32919999957084656 0.10094201564788818 0.15046298503875732
1 0.3875249922275543 0.022982999682426453 0.07366102933883667 0.04530400037765503
3 0.4816470146179199 0.422122985124588 0.08085298538208008 0.11937803030014038
