1 0.48462504148483276 0.30583301186561584 0.036250025033950806 0.04833298921585083
1 0.03099999949336052 0.2203330099582672 0.061500005424022675 0.13533301651477814
2 0.12812499701976776 0.5440000295639038 0.2057500183582306 0.26866698265075684
3 0.27162501215934753 0.5493329763412476 0.10724999010562897 0.16133296489715576
3 0.7263749837875366 0.45433300733566284 0.05474996566772461 0.0559999942779541
3 0.7072499990463257 0.4645000100135803 0.05949997901916504 0.06366699934005737
3 0.7151250243186951 0.46733298897743225 0.07774996757507324 0.03666698932647705
3 0.7057499885559082 0.4776670038700104 0.06550002098083496 0.06133300065994263
3 0.7117499709129333 0.5103330016136169 0.07899999618530273 0.08066701889038086
3 0.7107499837875366 0.5318329930305481 0.07899999618530273 0.08566701412200928
3 0.7049999833106995 0.5571669936180115 0.09549999237060547 0.11833298206329346
3 0.6980000138282776 0.5971670150756836 0.11249995231628418 0.13033294677734375
3 0.6790000200271606 0.650833010673523 0.1260000467300415 0.16633296012878418
3 0.6690000295639038 0.7531669735908508 0.19099998474121094 0.26100003719329834
3 0.6370000243186951 0.846166729927063 0.2445000410079956 0.30766648054122925
3 0.5323749780654907 0.9208329916000366 0.2837500274181366 0.15833306312561035
3 0.5966249704360962 0.43883299827575684 0.046249985694885254 0.06633299589157104
3 0.6233749985694885 0.45399999618530273 0.04725003242492676 0.06733298301696777
3 0.6144999861717224 0.46149998903274536 0.04900002479553223 0.0690000057220459
3 0.6069999933242798 0.47133296728134155 0.05149996280670166 0.07533296942710876
3 0.5487499833106995 0.47416698932647705 0.05750000476837158 0.0903329849243164
3 0.5848749876022339 0.5036669969558716 0.06225001811981201 0.09866702556610107
3 0.5133749842643738 0.4981670379638672 0.06124997138977051 0.0990000069141388
3 0.531125009059906 0.5350000262260437 0.08025002479553223 0.1073329746723175
3 0.49375003576278687 0.5591670274734497 0.0740000307559967 0.13166701793670654
3 0.4514999985694885 0.6221669912338257 0.09500002861022949 0.210332989692688
3 0.4038749933242798 0.6924999952316284 0.14024996757507324 0.26833295822143555
3 0.2757500112056732 0.7684999704360962 0.21700000762939453 0.24833297729492188
3 0.38624998927116394 0.5491669774055481 0.0989999771118164 0.15033301711082458
3 0.37962499260902405 0.5003330111503601 0.08574998378753662 0.11933302879333496
3 0.30250000953674316 0.4836669862270355 0.08249998092651367 0.1253330111503601
3 0.39512500166893005 0.4659999907016754 0.06975001096725464 0.09933298826217651
3 0.43924999237060547 0.44533300399780273 0.041999995708465576 0.09733301401138306
3 0.4880000054836273 0.4561670422554016 0.048500001430511475 0.08900001645088196
3 0.5226250290870667 0.4411669969558716 0.038249969482421875 0.08099997043609619
3 0.5386250019073486 0.4309999942779541 0.035249948501586914 0.06333297491073608
3 0.5461249947547913 0.4216670095920563 0.035249948501586914 0.06133300065994263
