1 0.10474999994039536 0.2930000126361847 0.10250000655651093 0.1513330191373825
1 0.5304999947547913 0.3323329985141754 0.03949999809265137 0.0559999942779541
2 0.2084999978542328 0.569333016872406 0.17250001430511475 0.2593330144882202
3 0.7911249995231628 0.4833329916000366 0.060250043869018555 0.054666996002197266
3 0.7883750200271606 0.4881669878959656 0.06725001335144043 0.04766702651977539
3 0.7871249914169312 0.5031669735908508 0.06924998760223389 0.04833301901817322
3 0.7820000052452087 0.5074999928474426 0.0755000114440918 0.05433297157287598
3 0.7754999995231628 0.5281670093536377 0.08799993991851807 0.06833302974700928
3 0.7757499814033508 0.5381669998168945 0.08550000190734863 0.07366704940795898
3 0.7726250290870667 0.5633329749107361 0.0927499532699585 0.08399999141693115
3 0.765999972820282 0.5856670141220093 0.10850000381469727 0.10199999809265137
3 0.7568749785423279 0.6618329882621765 0.12074995040893555 0.17499995231628418
3 0.7366250157356262 0.706833004951477 0.14524996280670166 0.19566702842712402
3 0.7223749756813049 0.8076670169830322 0.19325006008148193 0.2653329372406006
3 0.6813750267028809 0.8768330216407776 0.2592499256134033 0.24633300304412842
3 0.37712499499320984 0.7571669816970825 0.09874999523162842 0.16233301162719727
3 0.445250004529953 0.7106670141220093 0.11949998140335083 0.2506669759750366
3 0.49000000953674316 0.6311669945716858 0.07850003242492676 0.15166699886322021
3 0.5386250019073486 0.5914999842643738 0.06974995136260986 0.1369999647140503
3 0.575124979019165 0.5626670122146606 0.08774995803833008 0.11866700649261475
3 0.6000000238418579 0.5426669716835022 0.0635000467300415 0.09866702556610107
3 0.6178749799728394 0.5256670117378235 0.05425000190734863 0.0906670093536377
3 0.640500009059906 0.5053330063819885 0.0549999475479126 0.08399999141693115
3 0.656624972820282 0.4906669855117798 0.05575001239776611 0.062000006437301636
3 0.6667500138282776 0.4789999723434448 0.05299997329711914 0.05399999022483826
3 0.6744999885559082 0.4736669957637787 0.04250001907348633 0.05333298444747925
3 0.6830000281333923 0.469666987657547 0.03900003433227539 0.0566670298576355
3 0.5922499895095825 0.44566699862480164 0.029000043869018555 0.06066697835922241
3 0.5836250185966492 0.45399999618530273 0.027750015258789062 0.05733299255371094
3 0.5686249732971191 0.45866701006889343 0.032250046730041504 0.06266701221466064
3 0.5566250085830688 0.4663330018520355 0.035249948501586914 0.058667004108428955
3 0.5360000133514404 0.47766703367233276 0.03799998760223389 0.07533302903175354
3 0.5056250095367432 0.4860000014305115 0.05624997615814209 0.07599997520446777
3 0.47999998927116394 0.5008329749107361 0.040499985218048096 0.08966699242591858
3 0.44225001335144043 0.5184999704360962 0.05199998617172241 0.09366703033447266
3 0.40299999713897705 0.5311669707298279 0.0625 0.1076669692993164
3 0.3396250009536743 0.5643330216407776 0.07924997806549072 0.15799999237060547
