0 0.9247270226478577 0.46792298555374146 0.09598195552825928 0.1170630156993866
0 0.8871530294418335 0.4745370149612427 0.10615098476409912 0.12103202939033508
0 0.9264630079269409 0.4983470141887665 0.11532700061798096 0.12235397100448608
0 0.8871530294418335 0.5084329843521118 0.11607098579406738 0.15046298503875732
0 0.9174110293388367 0.5497689843177795 0.14980196952819824 0.1471560001373291
0 0.9193950295448303 0.5945770144462585 0.16120994091033936 0.17658698558807373
0 0.9107139706611633 0.6431879997253418 0.17857098579406738 0.2367720603942871
0 0.8978170156478882 0.7708330154418945 0.20436501502990723 0.3511899709701538
0 0.8493300080299377 0.8874009847640991 0.3013390302658081 0.22519803047180176
0 0.7207340002059937 0.78125 0.22073400020599365 0.388558030128479
0 0.5426589846611023 0.8716930150985718 0.2891870439052582 0.25661396980285645
0 0.6121029853820801 0.6238430142402649 0.1800600290298462 0.24900802969932556
0 0.6623259782791138 0.5266199707984924 0.12276804447174072 0.14451098442077637
0 0.7069690227508545 0.5044639706611633 0.10243105888366699 0.1795630156993866
0 0.727927029132843 0.4563489556312561 0.08531701564788818 0.12698397040367126
0 0.6759669780731201 0.43667298555374146 0.08804595470428467 0.12863802909851074
0 0.6285960078239441 0.45601898431777954 0.08556497097015381 0.11904796957969666
0 0.587302029132843 0.49057498574256897 0.11061501502990723 0.16633599996566772
0 0.5205850005149841 0.5403439998626709 0.1210319995880127 0.19510602951049805
0 0.4644100069999695 0.6425259709358215 0.16244998574256897 0.28902101516723633
0 0.3831849992275238 0.7885249853134155 0.22073400020599365 0.42295002937316895
0 0.15116599202156067 0.8186177611351013 0.30183500051498413 0.36276447772979736
0 0.0388140007853508 0.6342589855194092 0.07713299989700317 0.29695796966552734
0 0.06386400014162064 0.5291010141372681 0.12723200023174286 0.22023797035217285
0 0.23958300054073334 0.6111109852790833 0.1959330141544342 0.23280397057533264
0 0.22966299951076508 0.5310850143432617 0.17361101508140564 0.22552898526191711
0 0.26773300766944885 0.4773479998111725 0.13566499948501587 0.15178602933883667
0 0.36991599202156067 0.4426259994506836 0.09102201461791992 0.1550929844379425
0 0.4844990074634552 0.44791698455810547 0.08754998445510864 0.1392199695110321
0 0.5186010003089905 0.42691799998283386 0.07837298512458801 0.12963002920150757
0 0.555184006690979 0.42179200053215027 0.07118105888366699 0.1187170147895813
0 0.5796129703521729 0.4050930142402649 0.06845200061798096 0.11507898569107056
1 0.453125 0.17394199967384338 0.0629960298538208 0.09986799955368042
