0 0.26362499594688416 0.6041669845581055 0.16374999284744263 0.23433300852775574
0 0.7921249866485596 0.3675000071525574 0.060250043869018555 0.04966700077056885
0 0.7674999833106995 0.3738330006599426 0.06050002574920654 0.05900001525878906
0 0.7867500185966492 0.38600000739097595 0.07749998569488525 0.050000011920928955
0 0.7666249871253967 0.3935000002384186 0.06875002384185791 0.0683329701423645
0 0.7762500047683716 0.4276669919490814 0.08249998092651367 0.09133297204971313
0 0.7708749771118164 0.44416698813438416 0.08975005149841309 0.08899998664855957
0 0.7620000243186951 0.46866700053215027 0.10150003433227539 0.11799997091293335
0 0.7412499785423279 0.5379999876022339 0.12800002098083496 0.18266701698303223
0 0.6366249918937683 0.5295000076293945 0.11724996566772461 0.18299996852874756
0 0.6940000057220459 0.671500027179718 0.1875 0.28166699409484863
0 0.5667499899864197 0.8518329858779907 0.2705000340938568 0.2963329553604126
0 0.531374990940094 0.6324999928474426 0.14075002074241638 0.2516670227050781
0 0.3831250071525574 0.5316669940948486 0.12374997138977051 0.18266701698303223
0 0.4827499985694885 0.5090000033378601 0.09800001978874207 0.17866697907447815
0 0.5238749980926514 0.4501670002937317 0.07774996757507324 0.1423330307006836
0 0.6010000109672546 0.44916701316833496 0.09200000762939453 0.12233301997184753
0 0.6477500200271606 0.34516701102256775 0.050999999046325684 0.06366699934005737
0 0.6772500276565552 0.36216700077056885 0.0494999885559082 0.06766700744628906
0 0.6581249833106995 0.3888329863548279 0.05974996089935303 0.09633302688598633
0 0.6165000200271606 0.3605000078678131 0.04700005054473877 0.06699997186660767
0 0.5957499742507935 0.3774999976158142 0.06099998950958252 0.08700001239776611
0 0.5548750162124634 0.39283299446105957 0.06225001811981201 0.07899999618530273
0 0.5391250252723694 0.34916698932647705 0.04974997043609619 0.0690000057220459
0 0.5606250166893005 0.3400000035762787 0.04225003719329834 0.07199996709823608
0 0.5807499885559082 0.336667001247406 0.03799998760223389 0.06266701221466064
0 0.5953750014305115 0.32816699147224426 0.03624999523162842 0.06499999761581421
0 0.4807499945163727 0.3443329930305481 0.04350000619888306 0.0813329815864563
0 0.4322499930858612 0.3623329997062683 0.06449997425079346 0.07466697692871094
0 0.4165000021457672 0.3868330121040344 0.07849997282028198 0.10566699504852295
0 0.42100000381469727 0.42649999260902405 0.08749997615814209 0.10166698694229126
0 0.3160000145435333 0.4371669888496399 0.08799999952316284 0.1463329792022705
0 0.3370000123977661 0.37516701221466064 0.06650000810623169 0.09366703033447266
1 0.047874998301267624 0.07916700094938278 0.09525000303983688 0.15766699612140656
1 0.5322499871253967 0.19083300232887268 0.03949999809265137 0.04833298921585083
2 0.18424999713897705 0.4188329875469208 0.19200001657009125 0.2503330111503601
