1 0.057999998331069946 0.24183300137519836 0.11550000309944153 0.1376670002937317
1 0.5141249895095825 0.2908329963684082 0.038750022649765015 0.05699998140335083
2 0.19312499463558197 0.5504999756813049 0.19175001978874207 0.24500000476837158
3 0.7691249847412109 0.43050000071525574 0.05525004863739014 0.033667027950286865
3 0.7671250104904175 0.43650001287460327 0.06525003910064697 0.03100001811981201
3 0.7620000243186951 0.44916701316833496 0.07350003719329834 0.0350000262260437
3 0.7578750252723694 0.46333301067352295 0.07124996185302734 0.05666697025299072
3 0.7561249732971191 0.48350000381469727 0.08424997329711914 0.054999977350234985
3 0.7491250038146973 0.5149999856948853 0.07975006103515625 0.08133301138877869
3 0.7463750243186951 0.5426669716835022 0.09525001049041748 0.10599997639656067
3 0.7268750071525574 0.5950000286102295 0.10224997997283936 0.14066696166992188
3 0.7121250033378601 0.6396669745445251 0.1312500238418579 0.1606670618057251
3 0.7026249766349792 0.743166983127594 0.17075002193450928 0.24366700649261475
3 0.6693750023841858 0.8420000076293945 0.23325002193450928 0.31599998474121094
3 0.543749988079071 0.9221667647361755 0.24100002646446228 0.15566647052764893
3 0.3657500147819519 0.7319999933242798 0.10049998760223389 0.14466702938079834
3 0.41574999690055847 0.6696670055389404 0.12999999523162842 0.23000001907348633
3 0.4723750054836273 0.6106669902801514 0.10624998807907104 0.19866704940795898
3 0.5130000114440918 0.5696669816970825 0.08150002360343933 0.17133298516273499
3 0.5462499856948853 0.5404999852180481 0.0679999589920044 0.14300000667572021
3 0.5776249766349792 0.5148329734802246 0.05025005340576172 0.12366700172424316
3 0.5971249938011169 0.49050000309944153 0.04575002193450928 0.10100001096725464
3 0.6150000095367432 0.47600001096725464 0.05200004577636719 0.09599998593330383
3 0.6312500238418579 0.4628329873085022 0.04550004005432129 0.09633302688598633
3 0.643625020980835 0.45683300495147705 0.046249985694885254 0.08633297681808472
3 0.6539999842643738 0.4393329918384552 0.03849995136260986 0.06999999284744263
3 0.6626250147819519 0.4276669919490814 0.0442500114440918 0.06733298301696777
3 0.5770000219345093 0.4059999883174896 0.03450000286102295 0.06199997663497925
3 0.5686249732971191 0.41316699981689453 0.0387500524520874 0.05366700887680054
3 0.5540000200271606 0.4169999957084656 0.03849995136260986 0.05799996852874756
3 0.5391250252723694 0.4278329908847809 0.03725004196166992 0.06433302164077759
3 0.5149999856948853 0.4353330135345459 0.042999982833862305 0.08466696739196777
3 0.4867500066757202 0.4486669898033142 0.05700001120567322 0.07999998331069946
3 0.46050000190734863 0.46333301067352295 0.05049997568130493 0.0993330180644989
3 0.4268749952316284 0.4841670095920563 0.05374997854232788 0.12700003385543823
3 0.3868750035762787 0.5011669993400574 0.07125002145767212 0.13566696643829346
3 0.3227500021457672 0.5273330211639404 0.08300000429153442 0.1419999897480011
