1 0.47049999237060547 0.3149999976158142 0.040499985218048096 0.054000020027160645
2 0.11574999988079071 0.5838329792022705 0.21449998021125793 0.2836669683456421
3 0.7158750295639038 0.4461669921875 0.05174994468688965 0.03166699409484863
3 0.715499997138977 0.46000000834465027 0.05900001525878906 0.046000003814697266
3 0.7136250138282776 0.4690000116825104 0.06124997138977051 0.03533297777175903
3 0.7106249928474426 0.4796670079231262 0.06974995136260986 0.05733299255371094
3 0.7059999704360962 0.5061669945716858 0.07249999046325684 0.06966698169708252
3 0.7045000195503235 0.5296670198440552 0.08050000667572021 0.08133301138877869
3 0.7007499933242798 0.5571669936180115 0.09200000762939453 0.1076669692993164
3 0.6924999952316284 0.6093329787254333 0.10599994659423828 0.14533305168151855
3 0.6773750185966492 0.6546670198440552 0.1262500286102295 0.1640000343322754
3 0.6678749918937683 0.7641670107841492 0.17124998569488525 0.270332932472229
3 0.6447499990463257 0.8568329811096191 0.23350000381469727 0.28633296489715576
3 0.6194999814033508 0.4483329951763153 0.04400002956390381 0.05933302640914917
3 0.6132500171661377 0.4560000002384186 0.04649996757507324 0.05933302640914917
3 0.6079999804496765 0.4703330397605896 0.047500014305114746 0.0740000307559967
3 0.5991250276565552 0.4736669659614563 0.04974997043609619 0.07533296942710876
3 0.5836250185966492 0.48533299565315247 0.05174994468688965 0.07999998331069946
3 0.5659999847412109 0.5053330063819885 0.0549999475479126 0.08733299374580383
3 0.5493749976158142 0.5226669907569885 0.06075000762939453 0.09133303165435791
3 0.5262500047683716 0.5513330101966858 0.07400000095367432 0.11333298683166504
3 0.49424999952316284 0.5734999775886536 0.08150002360343933 0.13166701793670654
3 0.445374995470047 0.6434999704360962 0.09675002098083496 0.2109999656677246
3 0.3957499861717224 0.7078329920768738 0.12699997425079346 0.26766693592071533
3 0.26787498593330383 0.8313329815864563 0.2397499829530716 0.27866697311401367
3 0.5366250276565552 0.42899999022483826 0.03725004196166992 0.06400001049041748
3 0.528249979019165 0.4418329894542694 0.03400003910064697 0.06433302164077759
3 0.5145000219345093 0.4461669921875 0.03799998760223389 0.0690000057220459
3 0.5008749961853027 0.4551669955253601 0.039749979972839355 0.06966698169708252
3 0.4794999957084656 0.46616697311401367 0.042000025510787964 0.08566698431968689
3 0.45362499356269836 0.48033303022384644 0.0677499771118164 0.09400001168251038
3 0.4273749887943268 0.49699997901916504 0.05774998664855957 0.10199996829032898
3 0.38749998807907104 0.5173329710960388 0.0690000057220459 0.12000000476837158
3 0.34599998593330383 0.5361670255661011 0.08799999952316284 0.13833296298980713
3 0.2762500047683716 0.5686669945716858 0.10699999332427979 0.16733300685882568
