0 0.10391899943351746 0.9436177611351013 0.2073410153388977 0.11276447772979736
0 0.1211559996008873 0.5229830145835876 0.2110619992017746 0.37665295600891113
0 0.1722469925880432 0.3420970141887665 0.1520339846611023 0.20271199941635132
0 0.3275049924850464 0.7655419707298279 0.3008430004119873 0.4629629850387573
0 0.3867810070514679 0.5074399709701538 0.2145339846611023 0.32638904452323914
0 0.3583829998970032 0.3756610155105591 0.16865098476409912 0.25925901532173157
0 0.3900049924850464 0.29249298572540283 0.13913702964782715 0.14847898483276367
0 0.4816470146179199 0.2589290142059326 0.10962298512458801 0.16865098476409912
0 0.8484619855880737 0.8566470146179199 0.3030749559402466 0.28670597076416016
0 0.919642984867096 0.6769180297851562 0.1607140302658081 0.3968249559402466
0 0.5659719705581665 0.6941140294075012 0.27529799938201904 0.45833301544189453
0 0.8031989932060242 0.4970239996910095 0.21453404426574707 0.2870370149612427
0 0.63926100730896 0.4993389844894409 0.1793149709701538 0.2903439700603485
0 0.8361859917640686 0.37996000051498413 0.15203404426574707 0.18055599927902222
0 0.8771079778671265 0.32523098587989807 0.12971198558807373 0.1755949854850769
0 0.889756977558136 0.2835650146007538 0.11135900020599365 0.14847898483276367
0 0.8257690072059631 0.2506609857082367 0.10292696952819824 0.14219599962234497
0 0.7746779918670654 0.2784389853477478 0.1098710298538208 0.13029098510742188
0 0.7377229928970337 0.3209330141544342 0.12921595573425293 0.17493398487567902
0 0.6688989996910095 0.3870700001716614 0.12400805950164795 0.2192460298538208
0 0.6059030294418335 0.27463600039482117 0.09920597076416016 0.1590610146522522
0 0.6413689851760864 0.25214898586273193 0.0942460298538208 0.15707701444625854
0 0.6779509782791138 0.2425599992275238 0.08655798435211182 0.14384901523590088
0 0.6995289921760559 0.2175929993391037 0.07167696952819824 0.13955000042915344
