1 0.5196250081062317 0.23433299362659454 0.04024997353553772 0.049333006143569946
1 0.04625000059604645 0.12999999523162842 0.09200000762939453 0.17000001668930054
2 0.1681250035762787 0.4596669673919678 0.187250018119812 0.23999997973442078
3 0.25200000405311584 0.6553329825401306 0.19349998235702515 0.2206670045852661
3 0.5262500047683716 0.8913329839706421 0.2434999942779541 0.21733295917510986
3 0.5136250257492065 0.6838330030441284 0.14775002002716064 0.23633301258087158
3 0.3636249899864197 0.5774999856948853 0.13625001907348633 0.18700003623962402
3 0.29912498593330383 0.47483301162719727 0.10075001418590546 0.14300000667572021
3 0.32737499475479126 0.40849998593330383 0.0652499794960022 0.08833301067352295
3 0.6746249794960022 0.7369999885559082 0.15974998474121094 0.3086669445037842
3 0.6967499852180481 0.628000020980835 0.12650001049041748 0.1979999542236328
3 0.7253749966621399 0.5751670002937317 0.11125004291534424 0.14833295345306396
3 0.7393749952316284 0.5181670188903809 0.09625005722045898 0.1123330295085907
3 0.7466250061988831 0.4928329885005951 0.0797499418258667 0.08433300256729126
3 0.7513750195503235 0.46650001406669617 0.06924998760223389 0.06433302164077759
3 0.7431250214576721 0.44483301043510437 0.056749939918518066 0.0690000057220459
3 0.7609999775886536 0.4303329885005951 0.07200002670288086 0.026000022888183594
3 0.7476249933242798 0.4171670079231262 0.05675005912780762 0.04966700077056885
3 0.7691249847412109 0.4205000102519989 0.05025005340576172 0.05433303117752075
3 0.4073750078678131 0.4729999899864197 0.08674997091293335 0.10533297061920166
3 0.40437498688697815 0.42716699838638306 0.07924997806549072 0.10033297538757324
3 0.46424999833106995 0.541333019733429 0.0910000205039978 0.14533302187919617
3 0.5024999976158142 0.49866700172424316 0.06749999523162842 0.14533302187919617
3 0.4193750023841858 0.4000000059604645 0.06225001811981201 0.07866698503494263
3 0.4658749997615814 0.3821670114994049 0.042750000953674316 0.08366698026657104
3 0.5164999961853027 0.358832985162735 0.042000025510787964 0.03299999237060547
3 0.5136250257492065 0.39333298802375793 0.04324999451637268 0.06400001049041748
3 0.5326250195503235 0.4396669864654541 0.047749996185302734 0.08600002527236938
3 0.5843750238418579 0.49983298778533936 0.08975005149841309 0.13233301043510437
3 0.562624990940094 0.37599998712539673 0.03474998474121094 0.05933302640914917
3 0.5797500014305115 0.3681670129299164 0.029999971389770508 0.05633300542831421
3 0.6288750171661377 0.3793329894542694 0.039749979972839355 0.04399996995925903
3 0.6570000052452087 0.39966699481010437 0.039999961853027344 0.05266702175140381
3 0.6371250152587891 0.4303329885005951 0.04075002670288086 0.08799999952316284
3 0.6136249899864197 0.44883298873901367 0.05774998664855957 0.08300000429153442
3 0.6053749918937683 0.4013330042362213 0.039749979972839355 0.06533300876617432
3 0.5762500166893005 0.42500001192092896 0.0549999475479126 0.09399998188018799
