1 0.05887499824166298 0.1698330044746399 0.10575000196695328 0.14833301305770874
1 0.5212500095367432 0.282166987657547 0.03550004959106445 0.04833298921585083
2 0.1717499941587448 0.4928329885005951 0.18950000405311584 0.2290000319480896
3 0.23662500083446503 0.6838330030441284 0.1692499816417694 0.23633301258087158
3 0.5228750109672546 0.9106667637825012 0.22424998879432678 0.17866647243499756
3 0.5040000081062317 0.730666995048523 0.13300001621246338 0.2720000743865967
3 0.7647500038146973 0.44449999928474426 0.0559999942779541 0.04100000858306885
3 0.7421249747276306 0.4508329927921295 0.05274999141693115 0.04900002479553223
3 0.7598749995231628 0.4684999883174896 0.06675004959106445 0.03299999237060547
3 0.7398750185966492 0.4740000069141388 0.06525003910064697 0.06199997663497925
3 0.7484999895095825 0.5015000104904175 0.07500004768371582 0.062332987785339355
3 0.7451249957084656 0.5248330235481262 0.08274996280670166 0.07500001788139343
3 0.737500011920929 0.5468329787254333 0.09150004386901855 0.09566700458526611
3 0.7251250147819519 0.593500018119812 0.11024999618530273 0.12166702747344971
3 0.7002500295639038 0.6384999752044678 0.1304999589920044 0.15166699886322021
3 0.6783750057220459 0.7786669731140137 0.17725002765655518 0.30799996852874756
3 0.3633750081062317 0.6159999966621399 0.12575000524520874 0.18133294582366943
3 0.4652499854564667 0.585332989692688 0.09499996900558472 0.17066696286201477
3 0.512499988079071 0.5381669998168945 0.07400000095367432 0.15633296966552734
3 0.5849999785423279 0.5443329811096191 0.08599996566772461 0.14866697788238525
3 0.5372499823570251 0.47566699981689453 0.0559999942779541 0.09599998593330383
3 0.5761250257492065 0.45749998092651367 0.05474996566772461 0.08833298087120056
3 0.6113749742507935 0.48833298683166504 0.05974996089935303 0.09666702151298523
3 0.6348749995231628 0.4740000069141388 0.04474997520446777 0.09799998998641968
3 0.6539999842643738 0.44200000166893005 0.03949999809265137 0.06533300876617432
3 0.6302499771118164 0.42500001192092896 0.04850006103515625 0.05933302640914917
3 0.606249988079071 0.43583300709724426 0.03550004959106445 0.059666991233825684
3 0.5799999833106995 0.4041669964790344 0.03550004959106445 0.06099998950958252
3 0.5625 0.4143329858779907 0.03550004959106445 0.06199997663497925
3 0.5132499933242798 0.4320000112056732 0.042000025510787964 0.06800001859664917
3 0.5191249847412109 0.4016669988632202 0.046249985694885254 0.046000003814697266
3 0.46837499737739563 0.41383299231529236 0.04325002431869507 0.07366698980331421
3 0.40799999237060547 0.5139999985694885 0.09000003337860107 0.12600001692771912
3 0.4027499854564667 0.46266698837280273 0.07649999856948853 0.10399997234344482
3 0.4243749976158142 0.4318329989910126 0.0652499794960022 0.07499998807907104
3 0.3007499873638153 0.5091670155525208 0.0885000228881836 0.13833296298980713
3 0.32912498712539673 0.4446670114994049 0.06274998188018799 0.0906670093536377
