1 0.05999999865889549 0.23816700279712677 0.11299999803304672 0.14100000262260437
1 0.5201249718666077 0.2784999907016754 0.03624999523162842 0.051666975021362305
2 0.19312499463558197 0.5338330268859863 0.18074998259544373 0.23566699028015137
3 0.2692500054836273 0.7321670055389404 0.17800001800060272 0.2503330707550049
3 0.3176249861717224 0.5358330011367798 0.09825003147125244 0.14366698265075684
3 0.43037500977516174 0.6626669764518738 0.10974997282028198 0.22133302688598633
3 0.581125020980835 0.40049999952316284 0.035249948501586914 0.06300002336502075
3 0.5479999780654907 0.40633299946784973 0.03450000286102295 0.06133300065994263
3 0.5233749747276306 0.3963330090045929 0.05274999141693115 0.03933298587799072
3 0.5207499861717224 0.42966699600219727 0.0494999885559082 0.06133300065994263
3 0.4717499911785126 0.41999998688697815 0.042999982833862305 0.07666701078414917
3 0.4283750057220459 0.44383299350738525 0.0677499771118164 0.07233297824859619
3 0.3397499918937683 0.47416698932647705 0.06849998235702515 0.0989999771118164
3 0.414124995470047 0.47049999237060547 0.07524996995925903 0.09633302688598633
3 0.4188750088214874 0.5170000195503235 0.08574998378753662 0.09666702151298523
3 0.5396249890327454 0.9194999933242798 0.2487499713897705 0.16100001335144043
3 0.5277500152587891 0.734499990940094 0.13950002193450928 0.26433300971984863
3 0.7014999985694885 0.7833330035209656 0.1690000295639038 0.3326669931411743
3 0.7182499766349792 0.6585000157356262 0.1304999589920044 0.20966696739196777
3 0.7400000095367432 0.6153330206871033 0.11899995803833008 0.1886669397354126
3 0.7512500286102295 0.555666983127594 0.09500002861022949 0.1419999897480011
3 0.7616249918937683 0.5199999809265137 0.09624993801116943 0.10666701197624207
3 0.7663750052452087 0.49916699528694153 0.09025001525878906 0.10900002717971802
3 0.7643749713897705 0.48216700553894043 0.09825003147125244 0.11366701126098633
3 0.7692499756813049 0.4584999978542328 0.05900001525878906 0.06966698169708252
3 0.7570000290870667 0.44016700983047485 0.05900001525878906 0.06433302164077759
3 0.7788749933242798 0.4393329918384552 0.05425000190734863 0.07400000095367432
3 0.5914999842643738 0.535332977771759 0.08650004863739014 0.14066699147224426
3 0.5338749885559082 0.5450000166893005 0.09224998950958252 0.14066699147224426
3 0.4801250100135803 0.6033329963684082 0.09074997901916504 0.1820000410079956
3 0.5537499785423279 0.48133301734924316 0.07200002670288086 0.10066702961921692
3 0.5799999833106995 0.4563329815864563 0.054000020027160645 0.09333297610282898
3 0.6184999942779541 0.47600001096725464 0.0549999475479126 0.07799997925758362
3 0.6421250104904175 0.45933300256729126 0.046249985694885254 0.09399998188018799
3 0.6631249785423279 0.43116700649261475 0.0442500114440918 0.06766700744628906
3 0.6331250071525574 0.4118329882621765 0.047749996185302734 0.0603330135345459
3 0.606124997138977 0.4300000071525574 0.04024994373321533 0.06800001859664917
