0 0.4089779853820801 0.8630949854850769 0.18154799938201904 0.2738100290298462
0 0.4754459857940674 0.7334660291671753 0.11557498574256897 0.18915295600891113
0 0.6636899709701538 0.885250985622406 0.22123003005981445 0.22949695587158203
0 0.6340529918670654 0.8009260296821594 0.16244995594024658 0.2460319995880127
0 0.665922999382019 0.7392529845237732 0.13392901420593262 0.18485403060913086
0 0.7676090002059937 0.7141199707984924 0.10118997097015381 0.18882298469543457
0 0.8064240217208862 0.9733797311782837 0.11483097076416016 0.05324047803878784
0 0.9180309772491455 0.9204697608947754 0.16393804550170898 0.15906047821044922
0 0.9546129703521729 0.8756610155105591 0.0907740592956543 0.21891498565673828
0 0.9104660153388977 0.7473539710044861 0.12698400020599365 0.18650805950164795
0 0.9460567235946655 0.7283400297164917 0.10788649320602417 0.1875
3 0.8707839846611023 0.9252650141716003 0.10615098476409912 0.10449695587158203
1 0.8783479928970337 0.4135249853134155 0.07564496994018555 0.09292298555374146
1 0.14000500738620758 0.26273098587989807 0.11631900072097778 0.20271199941635132
2 0.18675599992275238 0.7873677611351013 0.2495039999485016 0.42526447772979736
