1 0.05762500315904617 0.19566699862480164 0.11124999821186066 0.13999998569488525
1 0.5208749771118164 0.26649999618530273 0.03474998474121094 0.0516669899225235
2 0.1889999955892563 0.4978330135345459 0.17899999022483826 0.23899996280670166
3 0.265749990940094 0.6886669993400574 0.17750000953674316 0.22466695308685303
3 0.7726250290870667 0.42616701126098633 0.052250027656555176 0.04766702651977539
3 0.750249981880188 0.4276669919490814 0.05799996852874756 0.0426669716835022
3 0.7702500224113464 0.4436669945716858 0.07099997997283936 0.033333003520965576
3 0.7471250295639038 0.45500001311302185 0.06225001811981201 0.06133300065994263
3 0.7573750019073486 0.4836669862270355 0.07924997806549072 0.06800001859664917
3 0.7541249990463257 0.5080000162124634 0.08224999904632568 0.07466697692871094
3 0.7419999837875366 0.5291669964790344 0.09200000762939453 0.10233297944068909
3 0.734375 0.5998330116271973 0.10774993896484375 0.1629999876022339
3 0.6192499995231628 0.5998330116271973 0.09749996662139893 0.18233299255371094
3 0.6822500228881836 0.7456669807434082 0.16649997234344482 0.28133296966552734
3 0.5418750047683716 0.9016667604446411 0.23125001788139343 0.19666647911071777
3 0.5212500095367432 0.7114999890327454 0.13849997520446777 0.24833297729492188
3 0.37712499499320984 0.6068329811096191 0.11725002527236938 0.17633295059204102
3 0.4728749990463257 0.5831670165061951 0.09025001525878906 0.1770000159740448
3 0.5112500190734863 0.5274999737739563 0.06700003147125244 0.14699998497962952
3 0.31700000166893005 0.5076670050621033 0.08899998664855957 0.1333329677581787
3 0.33787500858306885 0.45166701078414917 0.06424999237060547 0.10000002384185791
3 0.4166249930858612 0.5031669735908508 0.08224999904632568 0.11033299565315247
3 0.40950000286102295 0.45566698908805847 0.07050001621246338 0.09933298826217651
3 0.4281249940395355 0.4346669912338257 0.05524998903274536 0.078000009059906
3 0.47725000977516174 0.4171670079231262 0.05199998617172241 0.08566701412200928
3 0.5927500128746033 0.5168330073356628 0.08899998664855957 0.1203329861164093
3 0.5491250157356262 0.46883299946784973 0.05974996089935303 0.09499996900558472
3 0.5322499871253967 0.4188329875469208 0.036499977111816406 0.06966698169708252
3 0.5506250262260437 0.40333300828933716 0.03474998474121094 0.0646669864654541
3 0.5703750252723694 0.4006670117378235 0.03324997425079346 0.05799996852874756
3 0.5822499990463257 0.3901669979095459 0.03400003910064697 0.05433297157287598
3 0.6317499876022339 0.40483298897743225 0.041499972343444824 0.055666983127593994
3 0.6589999794960022 0.4244999885559082 0.03600001335144043 0.062332987785339355
3 0.640375018119812 0.4538330137729645 0.039749979972839355 0.0903329849243164
3 0.6181250214576721 0.47233301401138306 0.060250043869018555 0.08466696739196777
3 0.6142500042915344 0.4235000014305115 0.036499977111816406 0.05699998140335083
3 0.5818750262260437 0.44699999690055847 0.05324995517730713 0.09133297204971313
