1 0.4894999861717224 0.2843329906463623 0.03949999809265137 0.050666987895965576
1 0.026125000789761543 0.23933300375938416 0.051750000566244125 0.12800002098083496
2 0.13824999332427979 0.5596669912338257 0.20499998331069946 0.273999959230423
3 0.28700000047683716 0.7988330125808716 0.22500000894069672 0.2710000276565552
3 0.5550000071525574 0.40516701340675354 0.03799998760223389 0.062332987785339355
3 0.546625018119812 0.41566699743270874 0.039749979972839355 0.06000000238418579
3 0.5276250243186951 0.4186669886112213 0.03725004196166992 0.06533300876617432
3 0.515874981880188 0.4343329966068268 0.04225000739097595 0.07400000095367432
3 0.49137499928474426 0.4396669864654541 0.04325002431869507 0.07999998331069946
3 0.46437498927116394 0.4591670036315918 0.06075000762939453 0.08433297276496887
3 0.43687498569488525 0.4754999876022339 0.05575001239776611 0.10233297944068909
3 0.39762499928474426 0.4931670129299164 0.06575000286102295 0.11900001764297485
3 0.2915000021457672 0.543166995048523 0.0989999920129776 0.1543329954147339
3 0.35337498784065247 0.5168330073356628 0.07975000143051147 0.12633299827575684
3 0.6380000114440918 0.4281669855117798 0.04649996757507324 0.06966698169708252
3 0.6296250224113464 0.4403330087661743 0.04725003242492676 0.07200002670288086
3 0.6216250061988831 0.44883298873901367 0.05474996566772461 0.07899999618530273
3 0.6133750081062317 0.45866701006889343 0.05525004863739014 0.0899999737739563
3 0.5992500185966492 0.4696669578552246 0.055500030517578125 0.09333297610282898
3 0.5766249895095825 0.4938330054283142 0.05124998092651367 0.10366702079772949
3 0.5603749752044678 0.5076670050621033 0.06525003910064697 0.10599997639656067
3 0.5382500290870667 0.5441669821739197 0.07899999618530273 0.1423330307006836
3 0.5048750042915344 0.5684999823570251 0.07974997162818909 0.16033300757408142
3 0.4099999964237213 0.6859999895095825 0.11150002479553223 0.2466670274734497
3 0.45412498712539673 0.6253330111503601 0.10325002670288086 0.20133304595947266
3 0.737375020980835 0.42750000953674316 0.050750017166137695 0.030332982540130615
3 0.7315000295639038 0.4321669936180115 0.06599998474121094 0.02499997615814209
3 0.7310000061988831 0.4428330063819885 0.0690000057220459 0.018333017826080322
3 0.7278749942779541 0.4490000009536743 0.06725001335144043 0.02799999713897705
3 0.7272499799728394 0.4863330125808716 0.08000004291534424 0.0599999725818634
3 0.7239999771118164 0.5146669745445251 0.08399999141693115 0.07466697692871094
3 0.7152500152587891 0.543166995048523 0.09150004386901855 0.11166700720787048
3 0.7067499756813049 0.5920000076293945 0.11249995231628418 0.13066697120666504
3 0.6882500052452087 0.6378329992294312 0.13600003719329834 0.14966702461242676
3 0.6775000095367432 0.7593330144882202 0.17599999904632568 0.27466702461242676
3 0.6447499990463257 0.8506667613983154 0.23249995708465576 0.29866647720336914
