0 0.5586559772491455 0.2814149856567383 0.0731649398803711 0.1051589846611023
0 0.532118022441864 0.30125701427459717 0.08953401446342468 0.1210319995880127
0 0.57676100730896 0.3123350143432617 0.08457303047180176 0.11210298538208008
0 0.5527030229568481 0.33878999948501587 0.1098710298538208 0.14186501502990723
0 0.5887899994850159 0.38095200061798096 0.12301599979400635 0.1408730149269104
0 0.6021829843521118 0.42030400037765503 0.13789701461791992 0.15608501434326172
0 0.6155750155448914 0.4594910144805908 0.1557539701461792 0.1914680004119873
0 0.6469489932060242 0.5958989858627319 0.2105649709701538 0.3134920299053192
0 0.7455360293388367 0.829695999622345 0.37797605991363525 0.34060800075531006
0 0.4970239996910095 0.6436840295791626 0.21875 0.3442460298538208
0 0.44332799315452576 0.8564810156822205 0.3038190007209778 0.2870370149612427
0 0.3240329921245575 0.5188490152359009 0.2189980149269104 0.298941969871521
0 0.31733599305152893 0.27000701427459717 0.09846198558807373 0.11408698558807373
0 0.38405299186706543 0.2873679995536804 0.0895339846611023 0.1044970154762268
0 0.37710800766944885 0.3353169858455658 0.10788697004318237 0.14153403043746948
0 0.34871000051498413 0.40029799938201904 0.14533698558807373 0.17625701427459717
0 0.1997770071029663 0.437995970249176 0.15897798538208008 0.21660098433494568
0 0.249876007437706 0.37351199984550476 0.1599700152873993 0.19213002920150757
0 0.289559006690979 0.31795600056648254 0.09945398569107056 0.14384901523590088
0 0.14744499325752258 0.5742390155792236 0.23090298473834991 0.2886899709701538
0 0.1290920078754425 0.7852180004119873 0.2576879858970642 0.429563045501709
0 0.09437000006437302 0.34689199924468994 0.12723200023174286 0.1937829852104187
0 0.13082799315452576 0.30886200070381165 0.12078399211168289 0.16865098476409912
0 0.1722469925880432 0.29513901472091675 0.09796600788831711 0.15046298503875732
0 0.19655300676822662 0.26736098527908325 0.09449401497840881 0.1431879997253418
3 0.08072900772094727 0.5115739703178406 0.11135900765657425 0.11309501528739929
