0 0.6507940292358398 0.7729830145835876 0.32638904452323914 0.4540339708328247
0 0.6701390147209167 0.27083298563957214 0.07936501502990723 0.1210319995880127
0 0.6378970146179199 0.26901501417160034 0.0902780294418335 0.1028439998626709
0 0.6742309927940369 0.2913359999656677 0.08953404426574707 0.11970901489257812
0 0.6445930004119873 0.3073740005493164 0.11011898517608643 0.13988101482391357
0 0.6672869920730591 0.35416701436042786 0.12375998497009277 0.16005301475524902
0 0.6651790142059326 0.3812829852104187 0.1324399709701538 0.15476202964782715
0 0.6674110293388367 0.4146830141544342 0.1597219705581665 0.19246000051498413
0 0.6568700075149536 0.5365409851074219 0.1758430004119873 0.30191802978515625
0 0.31411200761795044 0.7766199707984924 0.3415180444717407 0.4467589855194092
0 0.4921880066394806 0.5732470154762268 0.18576401472091675 0.3581349849700928
0 0.13913699984550476 0.6405419707298279 0.25 0.43584704399108887
0 0.21565000712871552 0.49404799938201904 0.1951880156993866 0.33333301544189453
0 0.3834330141544342 0.4427909851074219 0.19494003057479858 0.2685190439224243
0 0.4383679926395416 0.247189000248909 0.09300601482391357 0.12268498539924622
0 0.49045100808143616 0.2731480002403259 0.07911700010299683 0.12830698490142822
0 0.46713799238204956 0.31498000025749207 0.09002998471260071 0.17294998466968536
0 0.4290669858455658 0.34523800015449524 0.12400799989700317 0.15145498514175415
0 0.4071179926395416 0.2716600000858307 0.05927598476409912 0.11805599927902222
0 0.3473460078239441 0.3123350143432617 0.12425601482391357 0.16633599996566772
0 0.2854659855365753 0.36739400029182434 0.13988101482391357 0.19708997011184692
0 0.025793999433517456 0.4561839997768402 0.05109100043773651 0.24966901540756226
0 0.027281999588012695 0.32638901472091675 0.05406700074672699 0.18849200010299683
0 0.09523800015449524 0.28207701444625854 0.12202399969100952 0.1851850152015686
0 0.23325900733470917 0.27414000034332275 0.09498998522758484 0.14748698472976685
0 0.2690970003604889 0.2562829852104187 0.09027798473834991 0.14351898431777954
0 0.30654799938201904 0.2465279996395111 0.07738101482391357 0.1273149847984314
0 0.3324649930000305 0.2283399999141693 0.07266902923583984 0.12334698438644409
