1 0.09712500125169754 0.21183300018310547 0.07924999296665192 0.14433300495147705
1 0.5273749828338623 0.31333300471305847 0.03324997425079346 0.041999995708465576
2 0.1809999942779541 0.5171669721603394 0.1629999876022339 0.24699997901916504
0 0.24387499690055847 0.7101669907569885 0.17274999618530273 0.26766693592071533
0 0.7714999914169312 0.48649996519088745 0.05649995803833008 0.04966697096824646
0 0.7490000128746033 0.48466700315475464 0.05949997901916504 0.054666996002197266
0 0.7682499885559082 0.505666971206665 0.06500005722045898 0.05533301830291748
0 0.746749997138977 0.5090000033378601 0.0679999589920044 0.07666698098182678
0 0.7578750252723694 0.5303329825401306 0.0797499418258667 0.07066702842712402
0 0.7541249990463257 0.5450000166893005 0.0872499942779541 0.06666696071624756
0 0.7457500100135803 0.5593330264091492 0.10000002384185791 0.0766669511795044
0 0.734125018119812 0.6330000162124634 0.11374998092651367 0.15266704559326172
0 0.6291249990463257 0.6370000243186951 0.11175000667572021 0.18333303928375244
0 0.687624990940094 0.8006669878959656 0.18474996089935303 0.32799994945526123
0 0.5173749923706055 0.7473329901695251 0.15125000476837158 0.2726670503616333
0 0.5243750214576721 0.9150000214576721 0.23675000667572021 0.16999995708465576
0 0.3076249957084656 0.5298330187797546 0.08424997329711914 0.14033302664756775
0 0.335999995470047 0.47166699171066284 0.06050002574920654 0.09333300590515137
0 0.3737500011920929 0.6303330063819885 0.125 0.1799999475479126
0 0.41362500190734863 0.5261669754981995 0.08625000715255737 0.10699999332427979
0 0.4699999988079071 0.6093329787254333 0.10149997472763062 0.17933297157287598
0 0.5138750076293945 0.5511670112609863 0.07774996757507324 0.1369999647140503
0 0.4098750054836273 0.48149996995925903 0.0717499852180481 0.0983329713344574
0 0.42899999022483826 0.45750001072883606 0.06150001287460327 0.07166701555252075
0 0.47462499141693115 0.44749999046325684 0.043749988079071045 0.07700002193450928
0 0.531125009059906 0.4561670124530792 0.04725003242492676 0.07099997997283936
0 0.5513749718666077 0.44633299112319946 0.04075002670288086 0.06733298301696777
0 0.5703750252723694 0.44449999928474426 0.036749958992004395 0.061667025089263916
0 0.581125020980835 0.4406670033931732 0.028749942779541016 0.06800001859664917
0 0.5911250114440918 0.5506669878959656 0.0882500410079956 0.11866700649261475
0 0.5458750128746033 0.5090000033378601 0.06424999237060547 0.10266697406768799
0 0.5841249823570251 0.490833044052124 0.05575001239776611 0.0990000069141388
0 0.6042500138282776 0.4708330035209656 0.047500014305114746 0.07033300399780273
0 0.6434999704360962 0.49983298778533936 0.05299997329711914 0.09700000286102295
0 0.6324999928474426 0.4581669867038727 0.04700005054473877 0.06633299589157104
0 0.659500002861023 0.47200000286102295 0.042999982833862305 0.06400001049041748
