1 0.46312499046325684 0.2644999921321869 0.037249982357025146 0.050999999046325684
2 0.09950000047683716 0.5343329906463623 0.19850000739097595 0.343999981880188
3 0.7018749713897705 0.4408330023288727 0.05124998092651367 0.07433301210403442
3 0.684499979019165 0.4468330144882202 0.054000020027160645 0.07966697216033936
3 0.702875018119812 0.4569999873638153 0.0677499771118164 0.06133300065994263
3 0.6888750195503235 0.46116700768470764 0.06124997138977051 0.07633298635482788
3 0.7056249976158142 0.4925000071525574 0.07624995708465576 0.08966699242591858
3 0.7051249742507935 0.5115000009536743 0.08025002479553223 0.09233298897743225
3 0.7099999785423279 0.5333330035209656 0.09950006008148193 0.11266699433326721
3 0.7056249976158142 0.5799999833106995 0.11275005340576172 0.12666702270507812
3 0.6990000009536743 0.6290000081062317 0.13349997997283936 0.15999996662139893
3 0.7080000042915344 0.742667019367218 0.1875 0.2533329725265503
3 0.7107499837875366 0.8476667404174805 0.2745000123977661 0.30466651916503906
3 0.398250013589859 0.6893330216407776 0.15850001573562622 0.29600000381469727
3 0.4622499942779541 0.619333028793335 0.10199999809265137 0.22666704654693604
3 0.49562498927116394 0.5653330087661743 0.08425003290176392 0.1893329918384552
3 0.559499979019165 0.5398330092430115 0.09350001811981201 0.15166699886322021
3 0.5022500157356262 0.48466700315475464 0.06700003147125244 0.12733301520347595
3 0.37450000643730164 0.531499981880188 0.10799998044967651 0.14900001883506775
3 0.2549999952316284 0.5404999852180481 0.1274999976158142 0.19366702437400818
3 0.20537500083446503 0.7914999723434448 0.20774999260902405 0.3583329916000366
3 0.2602500021457672 0.4486669898033142 0.09499998390674591 0.11333298683166504
3 0.3596250116825104 0.4693329930305481 0.08775001764297485 0.1293330192565918
3 0.3725000023841858 0.4411669969558716 0.08149999380111694 0.11366701126098633
3 0.4188750088214874 0.41666701436042786 0.04175001382827759 0.1040000319480896
3 0.4676249921321869 0.4359999895095825 0.045249998569488525 0.10600000619888306
3 0.46937501430511475 0.3973329961299896 0.05624997615814209 0.04333299398422241
3 0.5171250104904175 0.4043329954147339 0.03324997425079346 0.07400000095367432
3 0.5268750190734863 0.3871670067310333 0.04024994373321533 0.055666983127593994
3 0.5350000262260437 0.4476670026779175 0.05649995803833008 0.09000003337860107
3 0.5732499957084656 0.46799999475479126 0.07099997997283936 0.0733330249786377
3 0.5957499742507935 0.4418329894542694 0.05350005626678467 0.06433302164077759
3 0.5979999899864197 0.4255000054836273 0.0559999942779541 0.04566699266433716
3 0.606124997138977 0.41916701197624207 0.047749996185302734 0.04766702651977539
3 0.5806249976158142 0.4108330011367798 0.047749996185302734 0.059666991233825684
