0 0.7413750290870667 0.4288330078125 0.052250027656555176 0.06099998950958252
0 0.7213749885559082 0.43549999594688416 0.05774998664855957 0.06366699934005737
0 0.7392500042915344 0.4408330023288727 0.06299996376037598 0.05233299732208252
0 0.7253749966621399 0.4595000147819519 0.06725001335144043 0.0816669762134552
0 0.7391250133514404 0.4721669554710388 0.07875001430511475 0.05766698718070984
0 0.7388749718666077 0.49866700172424316 0.08525002002716064 0.07400000095367432
0 0.7382500171661377 0.525833010673523 0.09449994564056396 0.09833300113677979
0 0.7361249923706055 0.5945000052452087 0.11724996566772461 0.15633296966552734
0 0.6338750123977661 0.6081669926643372 0.11925005912780762 0.18833303451538086
0 0.7289999723434448 0.746999979019165 0.19050002098083496 0.2526669502258301
0 0.703499972820282 0.8493329882621765 0.2630000114440918 0.30133306980133057
0 0.5855000019073486 0.9474999904632568 0.16449999809265137 0.10500001907348633
0 0.21825000643730164 0.8199999928474426 0.25550001859664917 0.2893329858779907
0 0.3841249942779541 0.6713330149650574 0.12125003337860107 0.24933302402496338
0 0.47200000286102295 0.6115000247955322 0.09500002861022949 0.19566702842712402
0 0.2877500057220459 0.5523329973220825 0.10100001096725464 0.1686669886112213
0 0.3033750057220459 0.47266700863838196 0.07225000858306885 0.09933298826217651
0 0.3973749876022339 0.5348330140113831 0.09375 0.13499999046325684
0 0.3894999921321869 0.4733330011367798 0.07849997282028198 0.1033329963684082
0 0.5832499861717224 0.5260000228881836 0.09449994564056396 0.12266698479652405
0 0.5082499980926514 0.5291669964790344 0.07000002264976501 0.12633299827575684
0 0.5293750166893005 0.4773330092430115 0.06124997138977051 0.09800001978874207
0 0.6029999852180481 0.4740000069141388 0.06400001049041748 0.0813329815864563
0 0.5630000233650208 0.4505000114440918 0.05750000476837158 0.08366698026657104
0 0.6236249804496765 0.45033299922943115 0.04824995994567871 0.0820000171661377
0 0.6330000162124634 0.42399999499320984 0.03849995136260986 0.05933302640914917
0 0.5845000147819519 0.4273329973220825 0.044499993324279785 0.06133300065994263
0 0.6053749918937683 0.40799999237060547 0.042750000953674316 0.05666697025299072
0 0.44987499713897705 0.4555000066757202 0.06274998188018799 0.08300000429153442
0 0.4846250116825104 0.43149998784065247 0.04025000333786011 0.07566702365875244
0 0.5071250200271606 0.422666996717453 0.04075002670288086 0.06333297491073608
0 0.5239999890327454 0.4118329882621765 0.03849995136260986 0.06499999761581421
0 0.5422499775886536 0.40583300590515137 0.03849995136260986 0.059666991233825684
0 0.5536249876022339 0.3944999873638153 0.03425002098083496 0.05299997329711914
2 0.13262499868869781 0.5531669855117798 0.2212499976158142 0.27900004386901855
1 0.4884999990463257 0.2745000123977661 0.034000009298324585 0.04433298110961914
1 0.016499999910593033 0.19566699862480164 0.032499998807907104 0.09733301401138306
