1 0.13500000536441803 0.13816699385643005 0.101500004529953 0.15833300352096558
1 0.5717499852180481 0.25099998712539673 0.03949999809265137 0.046000003814697266
2 0.23912499845027924 0.445667028427124 0.15325000882148743 0.233333021402359
0 0.5596250295639038 0.8753330111503601 0.24125000834465027 0.24933302402496338
0 0.8374999761581421 0.4386669993400574 0.06449997425079346 0.05733299255371094
0 0.8131250143051147 0.4443329870700836 0.06824994087219238 0.07466697692871094
0 0.8343750238418579 0.45316699147224426 0.07675004005432129 0.046999990940093994
0 0.8088750243186951 0.4656670093536377 0.07624995708465576 0.09399998188018799
0 0.8205000162124634 0.4891670346260071 0.09249997138977051 0.08766701817512512
0 0.8142499923706055 0.5058330297470093 0.0989999771118164 0.09166696667671204
0 0.8057500123977661 0.5370000004768372 0.11500000953674316 0.13533297181129456
0 0.781374990940094 0.6025000214576721 0.14275002479553223 0.1929999589920044
0 0.7268750071525574 0.7413330078125 0.2122499942779541 0.3146669864654541
0 0.5528749823570251 0.6871669888496399 0.15075001120567322 0.2710000276565552
0 0.6679999828338623 0.5861669778823853 0.12750005722045898 0.19033300876617432
0 0.29212498664855957 0.6171669960021973 0.14474999904632568 0.21433305740356445
0 0.4116249978542328 0.5711669921875 0.1132500171661377 0.17499998211860657
0 0.6301249861717224 0.3793329894542694 0.03624999523162842 0.058667004108428955
0 0.6128749847412109 0.38666701316833496 0.03624999523162842 0.06000000238418579
0 0.5960000157356262 0.3886669874191284 0.041499972343444824 0.0646669864654541
0 0.5727499723434448 0.4009999930858612 0.05350005626678467 0.0733330249786377
0 0.5147500038146973 0.39333298802375793 0.04799997806549072 0.08066701889038086
0 0.46687498688697815 0.405333012342453 0.06024998426437378 0.07599997520446777
0 0.35100001096725464 0.46483299136161804 0.0755000114440918 0.1290000081062317
0 0.37812501192092896 0.41416698694229126 0.0597500205039978 0.09633302688598633
0 0.4494999945163727 0.4276669919490814 0.07199996709823608 0.1033329963684082
0 0.45399999618530273 0.46833300590515137 0.08649998903274536 0.10599997639656067
0 0.5093749761581421 0.550000011920929 0.10525000095367432 0.1766669750213623
0 0.5508750081062317 0.4984999895095825 0.08375000953674316 0.14300000667572021
0 0.5887500047683716 0.4449999928474426 0.05949997901916504 0.08600002527236938
0 0.6265000104904175 0.4325000047683716 0.05750000476837158 0.0943329930305481
0 0.6327499747276306 0.49983298778533936 0.09249997138977051 0.12566697597503662
0 0.6648749709129333 0.45866701006889343 0.0677499771118164 0.08933299779891968
0 0.6495000123977661 0.41783300042152405 0.05200004577636719 0.0690000057220459
0 0.6828749775886536 0.4050000011920929 0.05324995517730713 0.07199996709823608
0 0.7113749980926514 0.42333298921585083 0.05174994468688965 0.07200002670288086
0 0.6946250200271606 0.4461669921875 0.05824995040893555 0.0989999771118164
