2 0.1837500035762787 0.4913330078125 0.18300001323223114 0.23666703701019287
1 0.06362500041723251 0.17966699600219727 0.11374999582767487 0.15266698598861694
1 0.5261250138282776 0.26833298802375793 0.0387500524520874 0.050666987895965576
3 0.5212500095367432 0.906499981880188 0.21500003337860107 0.18700003623962402
3 0.24937498569488525 0.6859999895095825 0.17424999177455902 0.23933303356170654
3 0.512374997138977 0.7166669964790344 0.1302499771118164 0.25400006771087646
3 0.3722499907016754 0.6086670160293579 0.11699998378753662 0.18266701698303223
3 0.3151249885559082 0.5096669793128967 0.09775000810623169 0.155333012342453
3 0.33774998784065247 0.4468330144882202 0.06300002336502075 0.10566699504852295
3 0.41350001096725464 0.503000020980835 0.07999998331069946 0.11333298683166504
3 0.4703750014305115 0.5764999985694885 0.08875000476837158 0.16833296418190002
3 0.5132499933242798 0.5308330059051514 0.07500001788139343 0.15833303332328796
3 0.4129999876022339 0.45716699957847595 0.0755000114440918 0.11033302545547485
3 0.429749995470047 0.4273329973220825 0.06300002336502075 0.08399999141693115
3 0.4736250042915344 0.40633299946784973 0.04025000333786011 0.07933300733566284
3 0.5239999890327454 0.3833329975605011 0.04050004482269287 0.04333299398422241
3 0.5218750238418579 0.4183329939842224 0.049250006675720215 0.06666702032089233
3 0.5702499747276306 0.4041669964790344 0.029999971389770508 0.0656670331954956
3 0.5836250185966492 0.39333298802375793 0.02974998950958252 0.05733299255371094
3 0.546999990940094 0.46149998903274536 0.04200005531311035 0.08099997043609619
3 0.5836250185966492 0.4421670138835907 0.05124998092651367 0.07966703176498413
3 0.6098750233650208 0.4188329875469208 0.027250051498413086 0.04900002479553223
3 0.6348749995231628 0.4074999988079071 0.03925001621246338 0.058332979679107666
3 0.6621249914169312 0.4235000014305115 0.04174995422363281 0.05233299732208252
3 0.6439999938011169 0.44749999046325684 0.044499993324279785 0.08499997854232788
3 0.6179999709129333 0.4708330035209656 0.055500030517578125 0.0816669762134552
3 0.5881249904632568 0.5243330001831055 0.08025002479553223 0.13066697120666504
3 0.6867499947547913 0.7701669931411743 0.17850005626678467 0.3223329782485962
3 0.7074999809265137 0.6408330202102661 0.13100004196166992 0.1809999942779541
3 0.7322499752044678 0.6016669869422913 0.10749995708465576 0.15799999237060547
3 0.7466250061988831 0.5621669888496399 0.09975004196166992 0.15233302116394043
3 0.7549999952316284 0.5338330268859863 0.08449995517730713 0.11833298206329346
3 0.7551249861717224 0.4953329861164093 0.0677499771118164 0.078000009059906
3 0.7482500076293945 0.4743329882621765 0.057000041007995605 0.08399999141693115
3 0.7727500200271606 0.4650000035762787 0.06599998474121094 0.054666996002197266
3 0.7521250247955322 0.44666698575019836 0.05474996566772461 0.06066697835922241
3 0.7754999995231628 0.43799999356269836 0.05299997329711914 0.050666987895965576
