0 0.1290920078754425 0.6979169845581055 0.2576879858970642 0.472553014755249
0 0.8260170221328735 0.2119709998369217 0.09449398517608643 0.13227501511573792
0 0.7972469925880432 0.22685199975967407 0.08457303047180176 0.13095200061798096
0 0.7543399930000305 0.2261900007724762 0.09647798538208008 0.13624298572540283
0 0.7141619920730591 0.25132301449775696 0.1103670597076416 0.1494709849357605
0 0.5897819995880127 0.23660700023174286 0.0907740592956543 0.16104498505592346
0 0.4879710078239441 0.2665340006351471 0.12475201487541199 0.1613759994506836
0 0.4527530074119568 0.3039020001888275 0.1599700152873993 0.21560800075531006
0 0.46267396211624146 0.3789680004119873 0.18080398440361023 0.21031701564788818
0 0.3012149930000305 0.291500985622406 0.12227201461791992 0.20469599962234497
0 0.2414429932832718 0.39169999957084656 0.17038699984550476 0.2873679995536804
0 0.36867600679397583 0.6025130152702332 0.2800099849700928 0.40873003005981445
0 0.7183780074119568 0.7683529853820801 0.39608097076416016 0.46329402923583984
0 0.5740330219268799 0.537202000617981 0.2105649709701538 0.35416698455810547
0 0.9117059707641602 0.6283069849014282 0.17658698558807373 0.44113802909851074
0 0.8619790077209473 0.4379960000514984 0.22494995594024658 0.26223498582839966
0 0.6690229773521423 0.42642199993133545 0.16096198558807373 0.2807539701461792
0 0.8346970081329346 0.3045629858970642 0.1371530294418335 0.197750985622406
0 0.92323899269104 0.3586310148239136 0.15352201461791992 0.1960979700088501
0 0.8847969770431519 0.2789349853992462 0.1088789701461792 0.1550930142402649
0 0.9465529918670654 0.2635580003261566 0.10292696952819824 0.1732800006866455
0 0.9615577459335327 0.29629600048065186 0.07688450813293457 0.15145498514175415
