0 0.10404299199581146 0.8275460004806519 0.20758900046348572 0.3449070453643799
0 0.11185500025749207 0.6807209849357605 0.17906701564788818 0.2880289554595947
0 0.3242810070514679 0.6570770144462585 0.16542701423168182 0.27711594104766846
0 0.38119998574256897 0.818947970867157 0.22966301441192627 0.3621029853820801
0 0.3399060070514679 0.5851519703865051 0.15699398517608643 0.18220901489257812
0 0.4371280074119568 0.5163689851760864 0.0825890302658081 0.1663360297679901
0 0.5390620231628418 0.5226519703865051 0.08010900020599365 0.1597219705581665
0 0.5730410218238831 0.49520498514175415 0.08407700061798096 0.1471560001373291
0 0.602059006690979 0.47751301527023315 0.0825890302658081 0.13029101490974426
0 0.6197919845581055 0.4589950144290924 0.07738101482391357 0.12963002920150757
0 0.6013140082359314 0.9247687458992004 0.36532700061798096 0.15046250820159912
0 0.6485620141029358 0.7858800292015076 0.19593298435211182 0.3085319995880127
0 0.6343010067939758 0.6350859999656677 0.13467299938201904 0.20932495594024658
0 0.6772069931030273 0.5760579705238342 0.12971198558807373 0.18849197030067444
0 0.7011409997940063 0.5314149856567383 0.10019803047180176 0.15608501434326172
0 0.7299110293388367 0.4899140000343323 0.0982140302658081 0.14054203033447266
0 0.9340280294418335 0.8725200295448303 0.131943941116333 0.25495994091033936
0 0.7847219705581665 0.7632279992103577 0.22817504405975342 0.30489397048950195
0 0.7805060148239136 0.6410380005836487 0.14484095573425293 0.21461594104766846
0 0.806052029132843 0.5820109844207764 0.11904799938201904 0.2017199993133545
0 0.7978670001029968 0.5163689851760864 0.09573400020599365 0.1431879997253418
0 0.9763140082359314 0.500495970249176 0.0473710298538208 0.07374298572540283
0 0.9554809927940369 0.5368720293045044 0.08903801441192627 0.1425260305404663
0 0.967881977558136 0.5914350152015686 0.06423604488372803 0.18683898448944092
0 0.9833829998970032 0.5790339708328247 0.03323400020599365 0.1481480598449707
1 0.4853670001029968 0.22189199924468994 0.06795597076416016 0.0972219854593277
3 0.5429069995880127 0.6947749853134155 0.07539701461791992 0.09656095504760742
