3 0.28462499380111694 0.6704999804496765 0.16374999284744263 0.22033298015594482
3 0.5612499713897705 0.8939999938011169 0.2250000238418579 0.2120000123977661
3 0.5329999923706055 0.699999988079071 0.1510000228881836 0.24533295631408691
3 0.4415000081062317 0.617667019367218 0.10500001907348633 0.19666695594787598
3 0.3305000066757202 0.5009999871253967 0.08950001001358032 0.14399996399879456
3 0.3499999940395355 0.43916699290275574 0.07649999856948853 0.10633301734924316
3 0.4333750009536743 0.5009999871253967 0.08875000476837158 0.11600002646446228
3 0.42412498593330383 0.44566699862480164 0.06225001811981201 0.08733302354812622
3 0.43950000405311584 0.414000004529953 0.05549997091293335 0.06666702032089233
3 0.48500001430511475 0.39616701006889343 0.03699997067451477 0.07833302021026611
3 0.5302500128746033 0.40700000524520874 0.0484999418258667 0.06333297491073608
3 0.5329999923706055 0.3799999952316284 0.04100000858306885 0.06333297491073608
3 0.5583750009536743 0.3783330023288727 0.030750036239624023 0.058000028133392334
3 0.5922499895095825 0.3768329918384552 0.03699994087219238 0.05900001525878906
3 0.48750001192092896 0.5713329911231995 0.08299997448921204 0.17333301901817322
3 0.5364999771118164 0.5243330001831055 0.0690000057220459 0.15133297443389893
3 0.6036249995231628 0.5113329887390137 0.08774995803833008 0.13600003719329834
3 0.5580000281333923 0.45350000262260437 0.05799996852874756 0.0996670126914978
3 0.5945000052452087 0.4316670000553131 0.05299997329711914 0.08399999141693115
3 0.6227499842643738 0.4158329963684082 0.036499977111816406 0.07233297824859619
3 0.6464999914169312 0.3948329985141754 0.04550004005432129 0.06633299589157104
3 0.6740000247955322 0.414000004529953 0.04050004482269287 0.069333016872406
3 0.6545000076293945 0.4406670033931732 0.04850006103515625 0.09866702556610107
3 0.6278749704360962 0.45433300733566284 0.057250022888183594 0.078000009059906
3 0.7904999852180481 0.414667010307312 0.052500009536743164 0.04933297634124756
3 0.7661250233650208 0.4158329963684082 0.06424999237060547 0.05233299732208252
3 0.7858750224113464 0.4375 0.06825006008148193 0.04966700077056885
3 0.7646250128746033 0.4375 0.06924998760223389 0.05500000715255737
3 0.7731249928474426 0.4650000035762787 0.08475005626678467 0.06533300876617432
3 0.7695000171661377 0.4888330101966858 0.08650004863739014 0.0736670196056366
3 0.7592499852180481 0.5168330073356628 0.09049999713897705 0.10500001907348633
3 0.7557500004768372 0.5751670002937317 0.11699998378753662 0.1456669569015503
3 0.7272499799728394 0.6128330230712891 0.13249993324279785 0.1636669635772705
3 0.7055000066757202 0.7425000071525574 0.18499994277954102 0.3103330135345459
1 0.07975000143051147 0.19083300232887268 0.1184999942779541 0.14300000667572021
1 0.5346249938011169 0.25099998712539673 0.042750000953674316 0.054666996002197266
2 0.20887500047683716 0.4869999885559082 0.17675000429153442 0.23000001907348633
