0 0.8366400003433228 0.8039429783821106 0.3267199993133545 0.39211297035217285
0 0.5901119709014893 0.6640620231628418 0.5128970146179199 0.4208829700946808
0 0.4704029858112335 0.5052080154418945 0.405754029750824 0.31498003005981445
0 0.29117101430892944 0.45820900797843933 0.3376320004463196 0.3038190007209778
0 0.17576099932193756 0.39608100056648254 0.31382301449775696 0.2728169560432434
0 0.11541000008583069 0.3322170078754425 0.2301589846611023 0.1991569995880127
0 0.059193000197410583 0.30667200684547424 0.11772499978542328 0.1991569995880127
0 0.024140000343322754 0.2566959857940674 0.04761900007724762 0.1517859846353531
0 0.04001300036907196 0.1560019999742508 0.07936500012874603 0.09027799963951111
0 0.04844599962234497 0.15513400733470917 0.09623000025749207 0.06721200793981552
0 0.11342599987983704 0.16976700723171234 0.13624298572540283 0.08953401446342468
0 0.13591299951076508 0.18526799976825714 0.1732800006866455 0.08730199933052063
0 0.2425599992275238 0.20486100018024445 0.1709659844636917 0.09424600005149841
0 0.31464898586273193 0.23263901472091675 0.18419301509857178 0.12103201448917389
0 0.41054901480674744 0.25632399320602417 0.2073410153388977 0.13913701474666595
0 0.5195109844207764 0.28273800015449524 0.22420597076416016 0.14335298538208008
0 0.652446985244751 0.3348209857940674 0.2539680004119873 0.19047600030899048
0 0.8320109844207764 0.38132399320602417 0.2764549255371094 0.22941499948501587
0 0.9411377906799316 0.42423099279403687 0.1177244782447815 0.18526801466941833
3 0.31117698550224304 0.3950890004634857 0.17658698558807373 0.10863101482391357
