1 0.4763140082359314 0.1091269999742508 0.0736609697341919 0.09920600056648254
3 0.5747770071029663 0.5901119709014893 0.06869995594024658 0.09689199924468994
0 0.133432999253273 0.6130949854850769 0.1879960000514984 0.28373003005981445
0 0.147940993309021 0.798445999622345 0.2566959857940674 0.40310800075531006
0 0.42708295583724976 0.7490079998970032 0.25198397040367126 0.40013206005096436
0 0.3594990074634552 0.5820109844207764 0.18874001502990723 0.2751319706439972
0 0.3524309992790222 0.5153769850730896 0.1567460298538208 0.20998701453208923
0 0.44680100679397583 0.4317130148410797 0.0974699854850769 0.17493396997451782
0 0.5618799924850464 0.8988097906112671 0.1440969705581665 0.2023804783821106
0 0.7248259782791138 0.8326719999313354 0.29836297035217285 0.3346560001373291
0 0.7052329778671265 0.712797999382019 0.20957303047180176 0.3660709857940674
0 0.56113600730896 0.42476901412010193 0.09102201461791992 0.16104501485824585
0 0.5879219770431519 0.38839301466941833 0.08556497097015381 0.14186501502990723
0 0.6139630079269409 0.3665669858455658 0.08010900020599365 0.11541002988815308
0 0.6299600005149841 0.34689199924468994 0.07192504405975342 0.12037003040313721
0 0.665922999382019 0.5309190154075623 0.13293695449829102 0.21792301535606384
0 0.8315969705581665 0.6261569857597351 0.24057495594024658 0.3072090148925781
0 0.7037450075149536 0.46329399943351746 0.13864099979400635 0.19246000051498413
0 0.8141120076179504 0.506447970867157 0.16096198558807373 0.1994049847126007
0 0.8343250155448914 0.4495700001716614 0.12797605991363525 0.1960979700088501
0 0.7304069995880127 0.40492698550224304 0.08283698558807373 0.14451098442077637
0 0.7409470081329346 0.3664020001888275 0.09350204467773438 0.15211600065231323
0 0.8162199854850769 0.39467599987983704 0.09672605991363525 0.1630290150642395
0 0.9625497460365295 0.3875660002231598 0.07490050792694092 0.14682501554489136
0 0.9784227609634399 0.43386200070381165 0.04315447807312012 0.17791002988815308
0 0.9863590002059937 0.3574739992618561 0.027281999588012695 0.08796298503875732
0 0.9688739776611328 0.7356150150299072 0.062252044677734375 0.2767859697341919
