3 0.5883749723434448 0.09616699814796448 0.05324995517730713 0.08566700667142868
3 0.5763750076293945 0.11100000143051147 0.05425000190734863 0.08399999141693115
3 0.5587499737739563 0.1185000017285347 0.05299997329711914 0.09233300387859344
3 0.5368750095367432 0.13449999690055847 0.04974997043609619 0.09766700863838196
3 0.5091249942779541 0.14616699516773224 0.05675002932548523 0.10300000756978989
3 0.4763750433921814 0.17933300137519836 0.09075000882148743 0.12333300709724426
3 0.4416249990463257 0.1940000057220459 0.07774996757507324 0.11733299493789673
3 0.39637500047683716 0.22200000286102295 0.09074997901916504 0.12999999523162842
3 0.3518750071525574 0.25699999928474426 0.10724997520446777 0.156000018119812
3 0.28337499499320984 0.2919999957084656 0.1197500079870224 0.18799997866153717
3 0.7013750076293945 0.10966700315475464 0.06225001811981201 0.1080000102519989
3 0.6883749961853027 0.125 0.061750054359436035 0.10666698962450027
3 0.6800000071525574 0.13683299720287323 0.05949997901916504 0.10633299499750137
3 0.6637499928474426 0.1445000022649765 0.057000041007995605 0.11433300375938416
3 0.6413750052452087 0.16383300721645355 0.05824995040893555 0.12233299016952515
3 0.6175000071525574 0.18700000643730164 0.06099998950958252 0.11599999666213989
3 0.5916249752044678 0.2113330066204071 0.06725001335144043 0.12800002098083496
3 0.5672500133514404 0.2571670114994049 0.09850001335144043 0.17100000381469727
3 0.5189999938011169 0.28883299231529236 0.10000002384185791 0.20499998331069946
3 0.47325003147125244 0.3240000009536743 0.11050000786781311 0.1813330054283142
3 0.4194999933242798 0.3945000171661377 0.13600003719329834 0.21900001168251038
3 0.2983750104904175 0.5174999833106995 0.2617499828338623 0.25233301520347595
3 0.6256250143051147 0.7785000205039978 0.4012500047683716 0.4429999589920044
3 0.7072499990463257 0.6166669726371765 0.2890000343322754 0.4446669816970825
3 0.7491250038146973 0.4638330042362213 0.23224997520446777 0.296999990940094
3 0.7663750052452087 0.3569999933242798 0.18174993991851807 0.22933298349380493
3 0.7926250100135803 0.2966670095920563 0.15375006198883057 0.1933329850435257
3 0.8109999895095825 0.22566699981689453 0.13349997997283936 0.14399999380111694
3 0.8207499980926514 0.19499999284744263 0.11650002002716064 0.11133301258087158
3 0.8255000114440918 0.16566699743270874 0.10749995708465576 0.10466700792312622
3 0.8305000066757202 0.125667005777359 0.09949994087219238 0.08399999141693115
3 0.8378750085830688 0.09549999982118607 0.08975005149841309 0.09566698968410492
2 0.12250000238418579 0.28883299231529236 0.24449998140335083 0.39033299684524536
