0 0.24123698472976685 0.8926090002059937 0.4818120002746582 0.2147819995880127
0 0.17625698447227478 0.766493022441864 0.3518519997596741 0.3559030294418335
0 0.21097899973392487 0.6370289921760559 0.31283101439476013 0.20064496994018555
0 0.8260579705238342 0.8742560148239136 0.34788405895233154 0.25148797035217285
0 0.40988799929618835 0.5601440072059631 0.19213002920150757 0.19221198558807373
0 0.8553239703178406 0.6881200075149536 0.28935205936431885 0.26364099979400635
0 0.6393849849700928 0.5525789856910706 0.16699695587158203 0.17261898517608643
0 0.6855159997940063 0.5184770226478577 0.15608501434326172 0.16096198558807373
0 0.7420629858970642 0.49454399943351746 0.14484095573425293 0.12797600030899048
0 0.7638890147209167 0.4761900305747986 0.13161396980285645 0.12698403000831604
0 0.8887237310409546 0.5784969925880432 0.22255247831344604 0.18278801441192627
0 0.9490739703178406 0.5194690227508545 0.10185205936431885 0.12673601508140564
0 0.9436177611351013 0.47383397817611694 0.11276447772979736 0.08407697081565857
1 0.505952000617981 0.2581849992275238 0.10780403017997742 0.09474200010299683
3 0.6463289856910706 0.7657489776611328 0.17757904529571533 0.133681058883667
