0 0.7776539921760559 0.37698400020599365 0.08358097076416016 0.11507898569107056
0 0.7493799924850464 0.3936839997768402 0.10143804550170898 0.13062196969985962
0 0.7971230149269104 0.4085650146007538 0.10118997097015381 0.12599200010299683
0 0.7673609852790833 0.43568098545074463 0.12351202964782715 0.1636899709701538
0 0.805679976940155 0.4829699993133545 0.14558494091033936 0.17295002937316895
0 0.8173360228538513 0.5218250155448914 0.16592299938201904 0.18584701418876648
0 0.8343250155448914 0.5558859705924988 0.1914680004119873 0.20833301544189453
0 0.849702000617981 0.6759260296821594 0.23462295532226562 0.28835999965667725
0 0.8566470146179199 0.8837630152702332 0.28670597076416016 0.2324739694595337
0 0.578993022441864 0.8854167461395264 0.3048120439052582 0.22916650772094727
0 0.681052029132843 0.7509920001029968 0.23710298538208008 0.40873003005981445
0 0.08940999209880829 0.844245970249176 0.17832300066947937 0.31150805950164795
0 0.10019800066947937 0.6755949854850769 0.19990098476409912 0.3968249559402466
0 0.07961300015449524 0.513392984867096 0.15873000025749207 0.24504002928733826
0 0.0860619992017746 0.45701098442077637 0.171627014875412 0.2017199695110321
0 0.20870497822761536 0.4004630148410797 0.11235098540782928 0.177249014377594
0 0.28335800766944885 0.7906747460365295 0.24875998497009277 0.4186505079269409
0 0.3550350069999695 0.614749014377594 0.18278801441192627 0.2943120002746582
0 0.5194690227508545 0.589451014995575 0.20163702964782715 0.30257901549339294
0 0.33866599202156067 0.402446985244751 0.09300601482391357 0.1607140302658081
0 0.4022819995880127 0.4957009553909302 0.1364089846611023 0.2056879699230194
0 0.45833298563957214 0.44692501425743103 0.12351197004318237 0.20072799921035767
0 0.3740079998970032 0.37698400020599365 0.08730196952819824 0.15079402923583984
0 0.4067460000514984 0.35995399951934814 0.06994003057479858 0.1187170147895813
0 0.4296880066394806 0.34060800075531006 0.06374001502990723 0.11904799938201904
0 0.5488590002059937 0.49520498514175415 0.1319439709186554 0.20601901412010193
0 0.57948899269104 0.42691802978515625 0.09598195552825928 0.16137602925300598
0 0.595982015132904 0.3875660002231598 0.08730196952819824 0.13492101430892944
0 0.5011159777641296 0.3925260007381439 0.08705401420593262 0.13161402940750122
0 0.5354660153388977 0.35532400012016296 0.08730196952819824 0.114749014377594
1 0.27988600730895996 0.0925929993391037 0.07118099927902222 0.09391500800848007
3 0.4102180004119873 0.44576698541641235 0.07539701461791992 0.1210319995880127
