0 0.8106809854507446 0.8647069931030273 0.37863802909851074 0.2705850601196289
0 0.6607139706611633 0.6896079778671265 0.5476189851760864 0.2805060148239136
0 0.49404799938201904 0.6377729773521423 0.40410101413726807 0.3365579843521118
0 0.375 0.513392984867096 0.3300260305404663 0.19841301441192627
0 0.29695799946784973 0.47011399269104004 0.26719599962234497 0.1748509705066681
0 0.24140200018882751 0.43836796283721924 0.2215610146522522 0.15153798460960388
0 0.14699099957942963 0.41555100679397583 0.20469599962234497 0.14905798435211182
0 0.19444400072097778 0.3939729928970337 0.16865098476409912 0.14955401420593262
0 0.0874669998884201 0.3874010145664215 0.16832000017166138 0.14632898569107056
0 0.12996000051498413 0.3506940007209778 0.13161399960517883 0.08730196952819824
