0 0.4856249988079071 0.41633298993110657 0.04325002431869507 0.07466697692871094
0 0.5916249752044678 0.40400001406669617 0.04524993896484375 0.06599998474121094
0 0.578249990940094 0.40950000286102295 0.04250001907348633 0.061667025089263916
0 0.5611249804496765 0.41166698932647705 0.035249948501586914 0.06800001859664917
0 0.5391250252723694 0.4241670072078705 0.0442500114440918 0.07366698980331421
0 0.6460000276565552 0.421332985162735 0.04999995231628418 0.06400001049041748
0 0.6741250157356262 0.43549999594688416 0.04674994945526123 0.06699997186660767
0 0.6157500147819519 0.43266698718070984 0.042999982833862305 0.07133299112319946
0 0.5951250195503235 0.45066699385643005 0.05624997615814209 0.08600002527236938
0 0.6499999761581421 0.4620000123977661 0.052500009536743164 0.094666987657547
0 0.6274999976158142 0.4773330092430115 0.0625 0.08399999141693115
0 0.5546249747276306 0.47383302450180054 0.06624996662139893 0.09700003266334534
0 0.6007500290870667 0.5231670141220093 0.08899998664855957 0.1210000216960907
0 0.5241249799728394 0.5243330001831055 0.08124998211860657 0.13533303141593933
0 0.4391250014305115 0.42800000309944153 0.06124997138977051 0.06533300876617432
0 0.4205000102519989 0.457332968711853 0.07400000095367432 0.09999999403953552
0 0.4267500042915344 0.4984999895095825 0.08499997854232788 0.09700000286102295
0 0.48262500762939453 0.5751670002937317 0.10125002264976501 0.16033300757408142
0 0.3486250042915344 0.4508329927921295 0.06375002861022949 0.10100001096725464
0 0.32374998927116394 0.5086669921875 0.07950001955032349 0.1419999897480011
0 0.3878749907016754 0.6058329939842224 0.11874997615814209 0.17633295059204102
0 0.2669999897480011 0.6823329925537109 0.1589999794960022 0.23866701126098633
0 0.7889999747276306 0.4404999911785126 0.05799996852874756 0.04966700077056885
0 0.7647500038146973 0.4498330056667328 0.0625 0.05699998140335083
0 0.7851250171661377 0.4606670141220093 0.06974995136260986 0.04933297634124756
0 0.7631250023841858 0.46616700291633606 0.07225000858306885 0.06300002336502075
0 0.7721250057220459 0.49833303689956665 0.08124995231628418 0.07600000500679016
0 0.7662500143051147 0.5171669721603394 0.08599996566772461 0.08299997448921204
0 0.7580000162124634 0.5433329939842224 0.10099995136260986 0.10666701197624207
0 0.7436249852180481 0.609499990940094 0.11224997043609619 0.16499996185302734
0 0.6941249966621399 0.7609999775886536 0.1807500123977661 0.2966669797897339
0 0.5274999737739563 0.7170000076293945 0.14250001311302185 0.26133298873901367
0 0.6401249766349792 0.6093329787254333 0.11224997043609619 0.18666696548461914
0 0.5378749966621399 0.8999999761581421 0.21375000476837158 0.20000004768371582
1 0.09925000369548798 0.19416700303554535 0.08950001001358032 0.13233301043510437
1 0.5368750095367432 0.2745000123977661 0.03275001049041748 0.04966700077056885
2 0.2032500058412552 0.49550002813339233 0.1615000069141388 0.24366703629493713
