1 0.03099999949336052 0.14499999582767487 0.061500005424022675 0.16133299469947815
1 0.5121250152587891 0.24983300268650055 0.03624999523162842 0.03766700625419617
2 0.14875000715255737 0.4988330006599426 0.18700000643730164 0.2923330068588257
3 0.23987500369548798 0.7081670165061951 0.19175001978874207 0.2763329744338989
3 0.7557500004768372 0.4259999990463257 0.0549999475479126 0.06066697835922241
3 0.7357500195503235 0.4341669976711273 0.0635000467300415 0.07700002193450928
3 0.7512500286102295 0.4443329870700836 0.06550002098083496 0.05133301019668579
3 0.7307500243186951 0.45716699957847595 0.06400001049041748 0.08366698026657104
3 0.7433750033378601 0.48433300852775574 0.08025002479553223 0.09666699171066284
3 0.7416250109672546 0.508167028427124 0.0872499942779541 0.09966698288917542
3 0.7362499833106995 0.5276669859886169 0.10049998760223389 0.1206669807434082
3 0.7269999980926514 0.5724999904632568 0.11399996280670166 0.13166701793670654
3 0.7053750157356262 0.6183329820632935 0.1392500400543213 0.16866695880889893
3 0.6887500286102295 0.7433329820632935 0.17750000953674316 0.2966669797897339
3 0.6433749794960022 0.8281667232513428 0.2327500581741333 0.3436664938926697
3 0.5304999947547913 0.9110000133514404 0.22749999165534973 0.17799997329711914
3 0.4073750078678131 0.6401669979095459 0.1222500205039978 0.24233293533325195
3 0.4663749933242798 0.5860000252723694 0.08774998784065247 0.20066702365875244
3 0.5102499723434448 0.5386670231819153 0.08299997448921204 0.18200001120567322
3 0.5796250104904175 0.5239999890327454 0.09424996376037598 0.15199998021125793
3 0.5301250219345093 0.4581669867038727 0.06675001978874207 0.10100001096725464
3 0.5707499980926514 0.43916699290275574 0.057000041007995605 0.0989999771118164
3 0.6068750023841858 0.47099998593330383 0.06225001811981201 0.10799998044967651
3 0.6308749914169312 0.45216700434684753 0.05124998092651367 0.11299997568130493
3 0.6452500224113464 0.42433300614356995 0.042999982833862305 0.07933300733566284
3 0.5921249985694885 0.42100000381469727 0.0442500114440918 0.07466697692871094
3 0.6173750162124634 0.3976669907569885 0.04725003242492676 0.069333016872406
3 0.5737500190734863 0.38100001215934753 0.04250001907348633 0.06999999284744263
3 0.5485000014305115 0.398499995470047 0.042999982833862305 0.0683329701423645
3 0.503000020980835 0.4111669957637787 0.05050000548362732 0.07499998807907104
3 0.5127500295639038 0.3851670026779175 0.054999977350234985 0.0656670331954956
3 0.4583750069141388 0.39433300495147705 0.04724997282028198 0.08799999952316284
3 0.4177500009536743 0.4099999964237213 0.07999998331069946 0.07933300733566284
3 0.4011250138282776 0.4431670010089874 0.08525002002716064 0.10166698694229126
3 0.40687501430511475 0.503832995891571 0.10325002670288086 0.13566696643829346
3 0.29100000858306885 0.5098329782485962 0.09749998152256012 0.16633298993110657
3 0.31825000047683716 0.4328329861164093 0.07999998331069946 0.11900001764297485
