1 0.4882499873638153 0.3230000138282776 0.03850001096725464 0.06133300065994263
1 0.03374999761581421 0.2376669943332672 0.06700000166893005 0.1506670117378235
2 0.12974999845027924 0.5613330006599426 0.19449999928474426 0.2753330171108246
3 0.2773750126361847 0.8031669855117798 0.1977500170469284 0.31166696548461914
3 0.7267500162124634 0.4801670014858246 0.054000020027160645 0.06499999761581421
3 0.706250011920929 0.48833298683166504 0.05799996852874756 0.07466697692871094
3 0.7232499718666077 0.4956669807434082 0.06499993801116943 0.05399999022483826
3 0.7045000195503235 0.5053330063819885 0.06449997425079346 0.08066701889038086
3 0.7161250114440918 0.5316669940948486 0.07624995708465576 0.08333301544189453
3 0.7099999785423279 0.555167019367218 0.07799994945526123 0.09366703033447266
3 0.7077500224113464 0.5709999799728394 0.09950006008148193 0.10266697406768799
3 0.7020000219345093 0.6308330297470093 0.11699998378753662 0.1476670503616333
3 0.6773750185966492 0.6683329939842224 0.12874996662139893 0.16333305835723877
3 0.6663749814033508 0.7718330025672913 0.1682499647140503 0.2489999532699585
3 0.6302499771118164 0.8581667542457581 0.23849999904632568 0.2836664915084839
3 0.3893750011920929 0.7036669850349426 0.1287500262260437 0.26933300495147705
3 0.44362500309944153 0.6438329815864563 0.09224998950958252 0.20633304119110107
3 0.49449998140335083 0.5971670150756836 0.07549998164176941 0.18299996852874756
3 0.5252500176429749 0.5658329725265503 0.07249999046325684 0.13499999046325684
3 0.2722499966621399 0.5633329749107361 0.09549999237060547 0.16733300685882568
3 0.29912498593330383 0.49583300948143005 0.07625001668930054 0.10900002717971802
3 0.3868750035762787 0.5621669888496399 0.09675002098083496 0.13766703009605408
3 0.37712499499320984 0.5141670107841492 0.07125002145767212 0.10500001907348633
3 0.39762499928474426 0.47233301401138306 0.06475001573562622 0.07133302092552185
3 0.4415000081062317 0.4548330008983612 0.04400002956390381 0.08366698026657104
3 0.48612499237060547 0.4733330011367798 0.04575002193450928 0.0866670310497284
3 0.5118749737739563 0.5091670155525208 0.06324997544288635 0.08833301067352295
3 0.5502499938011169 0.49333298206329346 0.054000020027160645 0.09333297610282898
3 0.5849999785423279 0.5298330187797546 0.06449997425079346 0.11500000953674316
3 0.6117500066757202 0.5059999823570251 0.05649995803833008 0.10533297061920166
3 0.6161249876022339 0.4909999966621399 0.04575002193450928 0.08799996972084045
3 0.6227499842643738 0.4801670014858246 0.04649996757507324 0.07966703176498413
3 0.5985000133514404 0.460999995470047 0.046000003814697266 0.06533300876617432
3 0.5257499814033508 0.45533299446105957 0.04349994659423828 0.06999999284744263
3 0.5406249761581421 0.45249998569488525 0.036749958992004395 0.06833302974700928
3 0.5511249899864197 0.4446670114994049 0.039749979972839355 0.06800001859664917
