1 0.05349999666213989 0.2611669898033142 0.10649999976158142 0.1763330101966858
1 0.5105000138282776 0.3316670060157776 0.03949999809265137 0.04000002145767212
2 0.1693750023841858 0.5870000123977661 0.1862499862909317 0.31599998474121094
3 0.2682499885559082 0.8293330073356628 0.2135000079870224 0.33333301544189453
3 0.3122499883174896 0.5881670117378235 0.10250002145767212 0.17633295059204102
3 0.32887500524520874 0.5118330121040344 0.08224999904632568 0.10966697335243225
3 0.4491249918937683 0.7369999885559082 0.13725003600120544 0.2853330373764038
3 0.5065000057220459 0.6748329997062683 0.11650002002716064 0.24366700649261475
3 0.4247500002384186 0.5914999842643738 0.09700000286102295 0.16499996185302734
3 0.40950000286102295 0.5346670150756836 0.07749998569488525 0.13733303546905518
3 0.4243749976158142 0.4909999966621399 0.0597500205039978 0.0733330249786377
3 0.4648750126361847 0.4663330018520355 0.04075002670288086 0.08866697549819946
3 0.5146250128746033 0.4483329951763153 0.04375001788139343 0.0559999942779541
3 0.5103750228881836 0.4833329916000366 0.04375001788139343 0.0820000171661377
3 0.5598750114440918 0.45683300495147705 0.04024994373321533 0.0603330135345459
3 0.5703750252723694 0.44266700744628906 0.03474998474121094 0.05799996852874756
3 0.5444999933242798 0.6154999732971191 0.08550000190734863 0.19033300876617432
3 0.6046249866485596 0.5903329849243164 0.09325003623962402 0.156000018119812
3 0.5588750243186951 0.5311669707298279 0.061750054359436035 0.11300000548362732
3 0.581125020980835 0.5065000057220459 0.05624997615814209 0.10433301329612732
3 0.6430000066757202 0.5138329863548279 0.055500030517578125 0.10566699504852295
3 0.6476250290870667 0.5036669969558716 0.053750038146972656 0.09666702151298523
3 0.6554999947547913 0.477167010307312 0.04900002479553223 0.06833302974700928
3 0.6265000104904175 0.4634999930858612 0.0494999885559082 0.0683329701423645
3 0.7618749737739563 0.4801669716835022 0.05425000190734863 0.04966697096824646
3 0.7411249876022339 0.4894999861717224 0.060250043869018555 0.06833302974700928
3 0.7646250128746033 0.5013329982757568 0.06575000286102295 0.0559999942779541
3 0.7440000176429749 0.5093330144882202 0.07799994945526123 0.07533299922943115
3 0.7609999775886536 0.5336670279502869 0.08299994468688965 0.08066701889038086
3 0.7633749842643738 0.5625 0.09624993801116943 0.1023329496383667
3 0.7667499780654907 0.5734999775886536 0.10650002956390381 0.09500002861022949
3 0.7646250128746033 0.6299999952316284 0.1367499828338623 0.14800000190734863
3 0.7597500085830688 0.6959999799728394 0.15250003337860107 0.2066669464111328
3 0.7804999947547913 0.8028330206871033 0.22450006008148193 0.2936669588088989
3 0.7822499871253967 0.8751667737960815 0.2864999771118164 0.2496665120124817
